3 0.31746 0.646701 0.374339 0.0200893
2 0.528439 0.0416667 0.848545 0.0803571
2 0.718915 0.665799 0.416667 0.427331
2 0.322421 0.554315 0.390212 0.154266
2 0.516369 0.122148 0.874669 0.0295139
2 0.320271 0.774802 0.379299 0.230655
2 0.72123 0.123512 0.404762 0.0327381
2 0.3292 0.129464 0.372685 0.0436508
2 0.323743 0.445437 0.391534 0.0347222
1 0.721561 0.1906 0.380291 0.0860615
1 0.31961 0.201265 0.380622 0.0801091
1 0.720238 0.330977 0.383598 0.0558036
2 0.727844 0.268725 0.386243 0.0503472
2 0.72619 0.433656 0.403439 0.112847
0 0.318783 0.334077 0.376984 0.168651
