2 0.531528 0.635312 0.240833 0.351042
0 0.948333 0.710729 0.103333 0.525625
2 0.591528 0.704063 0.111389 0.158958
2 0.528333 0.548646 0.233889 0.153125
2 0.527083 0.361875 0.2425 0.0283333
0 0.0809722 0.540313 0.153056 0.901458
2 0.464306 0.703438 0.109167 0.125625
2 0.523333 0.865729 0.230556 0.162292
2 0.494722 0.436667 0.617778 0.0554167
2 0.528889 0.0571875 0.234444 0.0702083
2 0.279167 0.7075 0.242778 0.5025
2 0.770833 0.703646 0.242778 0.483958
2 0.777639 0.186562 0.240278 0.325208
2 0.281806 0.207083 0.248056 0.3575
0 0.531944 0.227396 0.238889 0.252708
