2 0.329122 0.0586404 0.25133 0.113795
2 0.178358 0.82495 0.270944 0.237052
2 0.713431 0.175797 0.108378 0.108068
2 0.718085 0.062002 0.120346 0.111056
2 0.632812 0.836155 0.228391 0.261454
2 0.662899 0.585284 0.101729 0.239293
0 0.902759 0.574826 0.194481 0.844871
2 0.504488 0.0532869 0.231051 0.0527888
2 0.413896 0.524029 0.5 0.116285
2 0.075133 0.529009 0.150266 0.345369
2 0.504156 0.0956175 0.229056 0.0229084
2 0.192819 0.0586404 0.363697 0.112301
2 0.403757 0.824079 0.759641 0.247261
2 0.348903 0.289965 0.685173 0.115289
0 0.336769 0.641808 0.297872 0.112301
2 0.454122 0.406499 0.551197 0.116783
2 0.329621 0.173929 0.623338 0.124253
