2 0.38375 0.607879 0.0805 0.0236037
2 0.460375 0.812334 0.06675 0.0176197
0 0.515875 0.194149 0.81225 0.333112
2 0.515875 0.0422207 0.79325 0.0585106
2 0.73 0.388963 0.1415 0.0445479
2 0.419375 0.787068 0.14525 0.0455452
2 0.7535 0.285406 0.448 0.13863
2 0.1155 0.860539 0.147 0.0455452
2 0.3265 0.887799 0.0725 0.0222739
2 0.418625 0.584441 0.14275 0.0412234
2 0.266125 0.701961 0.14725 0.0488697
0 0.425 0.905253 0.1145 0.180851
2 0.118375 0.0442154 0.13625 0.0611702
2 0.229875 0.913065 0.07125 0.157912
2 0.80475 0.389461 0.3125 0.0501995
2 0.121125 0.936004 0.14125 0.0867686
2 0.264125 0.776596 0.14675 0.0864362
2 0.420625 0.719747 0.15125 0.176197
2 0.109 0.230552 0.129 0.20246
2 0.108625 0.659741 0.15325 0.308843
2 0.7575 0.146443 0.4185 0.10738
2 0.193125 0.425366 0.29375 0.132646
2 0.266125 0.576463 0.14925 0.15359
2 0.422 0.45512 0.152 0.191489
2 0.889875 0.671875 0.15775 0.482048
2 0.579375 0.653092 0.15775 0.584774
2 0.7335 0.667553 0.154 0.490027
