2 0.0450465 0.408491 0.0900931 0.0495518
0 0.929688 0.57993 0.140625 0.833167
2 0.714927 0.332669 0.0588431 0.433765
2 0.0334109 0.643924 0.0668218 0.0951195
2 0.0370678 0.513446 0.0741356 0.126992
0 0.942487 0.310259 0.115027 0.619522
2 0.637134 0.317729 0.0688165 0.383964
2 0.0420545 0.12002 0.078125 0.0214143
2 0.799701 0.419074 0.0900931 0.286355
0 0.0432181 0.305154 0.0804521 0.144671
2 0.425532 0.969746 0.77992 0.0515438
2 0.145445 0.400896 0.0867686 0.109064
2 0.391124 0.437998 0.321476 0.0249004
2 0.34857 0.0439492 0.661902 0.0709661
2 0.267786 0.755478 0.511636 0.12251
2 0.19365 0.514691 0.221742 0.115538
2 0.46609 0.512326 0.251995 0.120767
2 0.139628 0.283118 0.103723 0.118028
2 0.691822 0.750125 0.297872 0.117281
2 0.424202 0.880727 0.84109 0.118028
2 0.437334 0.633093 0.806184 0.115289
2 0.34641 0.16011 0.511303 0.125996
0 0.392287 0.324452 0.402261 0.202191
