2 0.51014 0.0901394 0.102726 0.119522
2 0.174867 0.644671 0.0605053 0.23755
2 0.660904 0.941235 0.473404 0.0263944
2 0.0413896 0.696589 0.0714761 0.221863
2 0.659408 0.773406 0.48637 0.0378486
2 0.836104 0.235931 0.0777926 0.383217
2 0.345745 0.330926 0.669548 0.118028
2 0.139628 0.857072 0.0984043 0.0268924
2 0.0390625 0.577316 0.0761303 0.115289
2 0.122507 0.691111 0.0681516 0.327938
2 0.676529 0.976345 0.545878 0.0463147
2 0.50133 0.210408 0.113032 0.11753
2 0.292553 0.810259 0.141622 0.123506
2 0.24867 0.189617 0.208777 0.161604
2 0.576629 0.625 0.755652 0.248506
2 0.664062 0.138695 0.215093 0.244024
2 0.418883 0.445842 0.806516 0.118277
2 0.183178 0.935508 0.366356 0.125
2 0.653092 0.865787 0.546875 0.144422
