2 0.888021 0.93287 0.154687 0.10463
2 0.0736979 0.71412 0.11875 0.155093
2 0.264583 0.811343 0.208854 0.0875
2 0.441146 0.926157 0.633854 0.0810185
2 0.444401 0.522917 0.611198 0.0708333
2 0.0759115 0.895833 0.135156 0.17037
2 0.0707031 0.304167 0.133594 0.594444
2 0.565104 0.0543981 0.156771 0.108796
2 0.26224 0.668981 0.216146 0.153704
2 0.484505 0.72662 0.221094 0.273611
2 0.698307 0.725694 0.213281 0.274537
2 0.563542 0.293981 0.14375 0.325
2 0.401432 0.22963 0.152865 0.459259
2 0.234896 0.227546 0.164062 0.455093
2 0.894401 0.445833 0.158073 0.891667
2 0.729688 0.225694 0.165625 0.451389
