2 0.979663 0.102138 0.0391865 0.188487
2 0.632688 0.309046 0.0987103 0.209539
0 0.910714 0.6 0.0749008 0.0789474
2 0.365079 0.326151 0.015873 0.0674342
2 0.293155 0.629934 0.58631 0.163158
2 0.90687 0.125164 0.0771329 0.250329
2 0.581721 0.628947 0.723462 0.164474
2 0.405506 0.369901 0.0957341 0.331908
2 0.466394 0.737336 0.371776 0.0601974
2 0.551463 0.214145 0.046875 0.428289
2 0.414435 0.104934 0.0987103 0.191447
2 0.309276 0.112171 0.0496032 0.2125
2 0.50682 0.889309 0.970486 0.208224
2 0.494544 0.220724 0.0500992 0.441447
2 0.151662 0.140296 0.256696 0.267434
2 0.826017 0.384704 0.278026 0.30625
2 0.174727 0.405099 0.349454 0.269408
