2 0.933472 0.140545 0.045166 0.214423
2 0.571777 0.636218 0.15918 0.0352564
2 0.390259 0.23109 0.0378418 0.269872
2 0.12854 0.448558 0.20874 0.141987
2 0.850952 0.635417 0.270264 0.0432692
2 0.13501 0.0496795 0.213379 0.0570513
2 0.571289 0.41875 0.17041 0.0394231
2 0.851562 0.135897 0.120605 0.225
2 0.337036 0.454647 0.155518 0.151603
0 0.575073 0.53125 0.218506 0.179808
2 0.34082 0.0511218 0.146484 0.0746795
2 0.307983 0.228846 0.104248 0.301282
2 0.608643 0.132372 0.319336 0.226282
2 0.111572 0.155769 0.172363 0.144872
2 0.217773 0.60016 0.397949 0.14391
2 0.219971 0.884455 0.402832 0.149679
2 0.876343 0.326923 0.171631 0.148077
2 0.716919 0.892628 0.543701 0.160256
2 0.112793 0.302404 0.175781 0.150962
2 0.613159 0.320833 0.322998 0.151282
2 0.8396 0.514103 0.299316 0.182051
2 0.215942 0.742468 0.377686 0.140705
2 0.724365 0.735256 0.53418 0.167308
