2 0.1535 0.180352 0.1785 0.0222739
2 0.670125 0.204787 0.16875 0.087766
2 0.284375 0.110539 0.33925 0.0388963
2 0.17125 0.694481 0.1735 0.107048
2 0.134375 0.922872 0.06525 0.0285904
2 0.182125 0.598903 0.19625 0.040891
2 0.149125 0.36486 0.18325 0.377992
2 0.85675 0.940991 0.155 0.0934176
0 0.813125 0.74252 0.26125 0.344082
2 0.4885 0.880818 0.848 0.238364
0 0.083625 0.0957447 0.08025 0.111702
2 0.438125 0.691822 0.39325 0.128989
2 0.852875 0.456616 0.17525 0.106715
2 0.63475 0.110372 0.3305 0.0611702
2 0.6745 0.375332 0.169 0.365027
2 0.84925 0.268617 0.1775 0.227394
2 0.503 0.362533 0.168 0.403923
2 0.3295 0.366689 0.172 0.413564
