2 0.293478 0.1875 0.0785573 0.0660995
2 0.532485 0.395942 0.88167 0.297775
2 0.589797 0.31659 0.694417 0.155432
2 0.208498 0.226113 0.268775 0.170812
2 0.295578 0.356512 0.0728755 0.0507199
0 0.20121 0.168521 0.277915 0.315445
2 0.945405 0.478567 0.0454545 0.345877
2 0.384511 0.766852 0.0496541 0.451898
2 0.210104 0.356512 0.0773221 0.049411
2 0.755311 0.204352 0.42169 0.0631545
2 0.662673 0.61911 0.492342 0.143979
2 0.757041 0.091623 0.446887 0.179319
2 0.442811 0.21875 0.159338 0.0389398
2 0.209733 0.910504 0.26087 0.159359
2 0.205534 0.760471 0.258399 0.145288
0 0.4396 0.0973495 0.188488 0.192081
2 0.677989 0.763416 0.508646 0.14856
2 0.679595 0.916721 0.55336 0.156741
2 0.204175 0.61502 0.260128 0.144306
