2 0.069875 0.0884309 0.06325 0.0279255
0 0.0245 0.789062 0.0445 0.415226
2 0.3735 0.131483 0.7035 0.113364
2 0.30825 0.960605 0.523 0.0741356
2 0.5665 0.923703 0.4245 0.152593
2 0.886625 0.936503 0.16025 0.108378
2 0.483375 0.604388 0.56575 0.025266
2 0.4945 0.0696476 0.1965 0.0369016
2 0.731 0.920711 0.452 0.149934
2 0.4685 0.911902 0.862 0.168218
2 0.28225 0.905086 0.434 0.145944
2 0.735875 0.853059 0.38375 0.0432181
2 0.654625 0.118351 0.62875 0.117686
2 0.122125 0.420213 0.12925 0.105053
2 0.118625 0.286237 0.14675 0.154255
2 0.1165 0.646609 0.151 0.326463
0 0.50225 0.391456 0.603 0.408577
2 0.575125 0.710938 0.15125 0.20113
2 0.731125 0.708777 0.15375 0.206117
2 0.893375 0.502327 0.16975 0.611702
2 0.26675 0.70994 0.1455 0.200465
2 0.419875 0.709774 0.14675 0.196144
