2 0.320875 0.564495 0.19225 0.140957
2 0.106125 0.347241 0.14525 0.0355718
2 0.868375 0.146941 0.08475 0.0279255
2 0.513875 0.781582 0.18825 0.409574
2 0.416625 0.465093 0.37025 0.0279255
2 0.126125 0.112533 0.18875 0.183178
2 0.12925 0.682347 0.196 0.635306
2 0.901625 0.503158 0.17425 0.878657
2 0.125875 0.274435 0.18025 0.10871
2 0.71075 0.499169 0.1895 0.977726
2 0.95125 0.226895 0.082 0.191157
2 0.289625 0.124003 0.11925 0.195479
2 0.551125 0.105552 0.12275 0.149934
2 0.515125 0.558344 0.19225 0.139295
2 0.9025 0.0698138 0.1645 0.105718
0 0.864375 0.225233 0.09675 0.17387
0 0.412 0.245678 0.4085 0.455452
2 0.3235 0.742188 0.188 0.511636
