2 0.350233 0.0166833 0.48238 0.0229084
2 0.38996 0.768551 0.162899 0.0211653
2 0.747507 0.317107 0.166556 0.116285
0 0.409408 0.831424 0.194481 0.0901394
2 0.61004 0.0971116 0.0492021 0.111554
2 0.208943 0.809387 0.148604 0.116285
2 0.254156 0.810259 0.0694814 0.114542
2 0.916057 0.912351 0.0940824 0.125
2 0.401596 0.759836 0.202793 0.0181773
2 0.626995 0.624253 0.177527 0.238048
2 0.77992 0.647908 0.0704787 0.27988
2 0.308843 0.654382 0.373005 0.178287
2 0.910572 0.195219 0.0611702 0.312251
2 0.374169 0.778137 0.105386 0.0129482
2 0.421709 0.929034 0.196476 0.0941235
2 0.630984 0.796688 0.172207 0.110807
2 0.373005 0.194846 0.388963 0.0371016
2 0.303191 0.568476 0.367686 0.120518
2 0.213431 0.929656 0.146277 0.113297
2 0.74385 0.197958 0.167221 0.109064
2 0.900931 0.669696 0.138963 0.354333
2 0.744016 0.0808018 0.174202 0.110309
2 0.676363 0.915961 0.262301 0.120767
2 0.518617 0.430528 0.829122 0.145418
2 0.3499 0.0972361 0.48238 0.145667
2 0.384142 0.284736 0.540891 0.144671
