2 0.470625 0.307846 0.11175 0.0259309
2 0.201125 0.30635 0.08225 0.0322473
2 0.596 0.31383 0.1265 0.62766
2 0.2005 0.457779 0.1235 0.292553
2 0.070625 0.463597 0.13025 0.284907
2 0.0825 0.306848 0.104 0.03125
2 0.797125 0.0895944 0.26525 0.145279
2 0.479125 0.947972 0.95825 0.104056
2 0.876375 0.384309 0.12175 0.151596
2 0.205875 0.137467 0.11975 0.258976
2 0.798375 0.234874 0.26825 0.14129
2 0.487375 0.761968 0.97475 0.271277
2 0.081125 0.146609 0.12025 0.269282
2 0.71375 0.37766 0.0955 0.139628
2 0.461625 0.145113 0.11825 0.281582
