2 0.281749 0.906997 0.114694 0.0226594
2 0.0772939 0.737799 0.133976 0.0169323
2 0.814495 0.284736 0.0897606 0.429532
2 0.0551862 0.898157 0.0246011 0.0124502
2 0.173703 0.900896 0.0322473 0.0129482
2 0.115691 0.915961 0.0718085 0.0151892
2 0.105552 0.189866 0.166556 0.0161853
2 0.120013 0.221489 0.204787 0.0181773
2 0.497008 0.958914 0.0578457 0.0114542
2 0.111868 0.955055 0.149269 0.0714641
2 0.107547 0.694597 0.174535 0.0809263
2 0.124335 0.635209 0.191489 0.0278884
2 0.449302 0.92007 0.144614 0.0498008
2 0.46127 0.323954 0.438497 0.125498
1 0.469581 0.0789343 0.436503 0.139442
2 0.695479 0.940737 0.332447 0.118028
2 0.596742 0.44497 0.197473 0.117032
2 0.448471 0.984935 0.15758 0.0286355
2 0.477726 0.20381 0.432181 0.115289
2 0.210273 0.578685 0.36137 0.0781872
2 0.13381 0.306897 0.231051 0.1626
2 0.280918 0.960284 0.158245 0.0724602
0 0.137467 0.116783 0.245678 0.158367
2 0.316157 0.679283 0.189495 0.130478
2 0.682181 0.69385 0.380319 0.123257
2 0.690326 0.818974 0.356051 0.12002
2 0.683677 0.57134 0.383311 0.123257
2 0.21393 0.46489 0.406582 0.133964
2 0.246011 0.816111 0.460106 0.136205
