2 0.749003 0.0766932 0.349069 0.0313745
2 0.859209 0.630105 0.0920878 0.112799
0 0.0615027 0.385956 0.123005 0.711155
2 0.705951 0.517928 0.243019 0.116036
2 0.28125 0.0692231 0.293883 0.0986056
2 0.601562 0.406125 0.469082 0.118028
2 0.945312 0.512326 0.0774601 0.373755
2 0.408743 0.725224 0.150598 0.0171813
2 0.451297 0.108939 0.0634973 0.195966
2 0.490691 0.411728 0.212101 0.116285
2 0.259309 0.484313 0.212101 0.0219124
2 0.402759 0.745767 0.0887633 0.0159363
2 0.792886 0.604955 0.0658245 0.0555279
2 0.747673 0.0541584 0.396941 0.0704681
2 0.276596 0.162973 0.290559 0.152141
2 0.267952 0.427291 0.228723 0.0747012
2 0.465592 0.526643 0.133311 0.103586
2 0.5 0.641061 0.161569 0.115289
2 0.620512 0.809636 0.161237 0.230329
2 0.768285 0.807644 0.337101 0.224851
0 0.279089 0.755105 0.0801197 0.0679781
2 0.268617 0.624253 0.230053 0.12002
2 0.678358 0.633715 0.132646 0.116036
2 0.270445 0.527266 0.23238 0.0565239
2 0.404089 0.834163 0.127992 0.13745
2 0.236536 0.865911 0.195146 0.137201
2 0.330452 0.296439 0.388963 0.115787
2 0.725731 0.157371 0.40891 0.119024
2 0.730386 0.280503 0.389628 0.120269
