2 0.149435 0.0727092 0.199801 0.0313745
2 0.678524 0.986429 0.422872 0.0271414
2 0.447307 0.0175548 0.667221 0.0351096
2 0.334109 0.228586 0.111037 0.109562
2 0.14611 0.502117 0.26496 0.0356076
2 0.146775 0.30503 0.249003 0.0288845
2 0.653258 0.664716 0.271277 0.0346116
0 0.145445 0.402266 0.26363 0.18252
2 0.0970745 0.880727 0.167553 0.226594
2 0.55369 0.459412 0.540226 0.113048
0 0.134973 0.160483 0.259973 0.224851
2 0.76762 0.750996 0.144282 0.136454
2 0.594914 0.227216 0.408577 0.102839
0 0.589761 0.752117 0.218085 0.112799
2 0.532746 0.10869 0.542886 0.123257
2 0.34109 0.935259 0.224734 0.119024
2 0.664561 0.882221 0.363697 0.122012
2 0.427859 0.5813 0.855718 0.118277
2 0.33494 0.815488 0.238364 0.116036
2 0.552194 0.340762 0.541888 0.116783
2 0.23637 0.698207 0.452128 0.11753
