2 0.47 0.581117 0.072 0.018617
2 0.382125 0.833112 0.58975 0.0339096
2 0.10725 0.914062 0.1305 0.10871
2 0.186625 0.0590093 0.26775 0.0295878
2 0.909125 0.0666556 0.07625 0.0395612
0 0.489375 0.13996 0.90475 0.274601
2 0.792625 0.710439 0.14925 0.0212766
0 0.4375 0.924701 0.2525 0.144614
2 0.636375 0.619847 0.12875 0.0954122
2 0.502 0.62633 0.1315 0.113697
2 0.63325 0.924867 0.1295 0.124335
2 0.568 0.533411 0.2565 0.0462101
2 0.177625 0.32746 0.25075 0.0791223
2 0.831125 0.313165 0.27075 0.0518617
2 0.104125 0.531084 0.13325 0.29754
2 0.2415 0.922374 0.1305 0.129322
2 0.838875 0.753491 0.25175 0.0501995
2 0.899625 0.885638 0.13175 0.196144
2 0.769375 0.885306 0.12975 0.193484
0 0.568875 0.396941 0.25875 0.226729
2 0.239625 0.532912 0.12625 0.301197
2 0.768875 0.521609 0.12825 0.351064
2 0.36925 0.48238 0.1315 0.400931
2 0.902125 0.524934 0.13875 0.34375
