2 0.509641 0.963894 0.208112 0.0547809
2 0.783245 0.821464 0.0458777 0.129482
2 0.507314 0.992903 0.222074 0.0141932
2 0.508145 0.983441 0.206449 0.0311255
2 0.694315 0.25635 0.252992 0.117779
2 0.123172 0.0725847 0.125997 0.0286355
2 0.559176 0.901892 0.28391 0.0308765
0 0.923703 0.583416 0.152593 0.833167
0 0.317819 0.327191 0.582447 0.234064
2 0.506649 0.94634 0.18617 0.0256474
2 0.421875 0.472859 0.460106 0.0463147
2 0.420545 0.172311 0.564495 0.0572709
2 0.713431 0.961902 0.214096 0.0756972
2 0.174535 0.931773 0.328457 0.118526
2 0.497839 0.0740787 0.619348 0.122759
2 0.168883 0.809387 0.302527 0.123257
2 0.427859 0.560508 0.794548 0.124502
2 0.414229 0.685508 0.796543 0.12251
2 0.569315 0.813621 0.375997 0.129233
