0 0.971125 0.757148 0.05475 0.301529
2 0.342 0.670047 0.3645 0.0202793
2 0.694125 0.55236 0.26725 0.0934176
0 0.52775 0.485871 0.846 0.958444
2 0.067875 0.305851 0.11175 0.0392287
2 0.070625 0.0199468 0.10175 0.0339096
2 0.2835 0.11486 0.271 0.0269282
2 0.345875 0.863198 0.36975 0.196476
2 0.786625 0.929521 0.30825 0.0644947
2 0.72625 0.359541 0.3425 0.150598
2 0.3245 0.374335 0.347 0.142287
0 0.067375 0.162234 0.13475 0.269947
0 0.076375 0.782746 0.15275 0.288231
0 0.067125 0.480386 0.13425 0.298537
