2 0.613364 0.732445 0.268617 0.0281375
0 0.875332 0.45991 0.233378 0.803287
1 0.879987 0.493277 0.224069 0.728088
2 0.396775 0.344373 0.447806 0.0976096
0 0.0771277 0.520169 0.142952 0.950199
0 0.873005 0.303909 0.222739 0.29756
2 0.416223 0.733317 0.101064 0.0229084
1 0.878657 0.634462 0.220745 0.307769
2 0.34641 0.281499 0.310505 0.0266434
2 0.885805 0.801046 0.204455 0.117032
2 0.40625 0.416086 0.468085 0.219124
2 0.683677 0.283865 0.113364 0.370518
2 0.89877 0.111927 0.127327 0.0729582
2 0.554521 0.176544 0.107713 0.220618
0 0.415559 0.684387 0.0890957 0.0774402
2 0.271443 0.695344 0.187832 0.108815
0 0.336935 0.160857 0.346742 0.222112
2 0.613531 0.691484 0.26496 0.109064
2 0.468916 0.5813 0.570811 0.111305
2 0.48504 0.924054 0.638298 0.118028
2 0.473903 0.807395 0.573471 0.116783
