2 0.405129 0.503803 0.200697 0.0486111
2 0.968999 0.0838294 0.0306275 0.0208333
2 0.675672 0.899471 0.576942 0.146164
2 0.863546 0.376653 0.0363546 0.526455
2 0.187126 0.92295 0.167082 0.125661
2 0.414467 0.339616 0.204432 0.0456349
2 0.207669 0.753638 0.208665 0.136243
2 0.182022 0.851852 0.0821713 0.0304233
2 0.413222 0.111111 0.1626 0.0343915
2 0.924054 0.408895 0.0687251 0.543981
2 0.599353 0.302083 0.155876 0.151786
2 0.598232 0.168981 0.159612 0.146164
2 0.138197 0.279266 0.11504 0.22586
0 0.414467 0.423776 0.196962 0.186839
2 0.527639 0.905589 0.158367 0.14914
2 0.137077 0.16369 0.113795 0.14418
2 0.143177 0.460813 0.102092 0.142526
2 0.261703 0.315476 0.0552789 0.373016
2 0.569472 0.753472 0.691733 0.154431
2 0.780503 0.31498 0.104333 0.434193
2 0.352092 0.910218 0.159861 0.144511
2 0.573207 0.606481 0.554283 0.14881
2 0.198332 0.607308 0.196464 0.143849
0 0.412226 0.210317 0.195468 0.198413
2 0.599851 0.455026 0.164841 0.146164
