2 0.683059 0.628968 0.153618 0.489583
1 0.522862 0.662326 0.581908 0.602927
2 0.173355 0.670759 0.160526 0.5563
2 0.519408 0.664311 0.282237 0.581597
2 0.346875 0.672123 0.360197 0.573413
2 0.671053 0.874752 0.15 0.16121
2 0.641776 0.0908978 0.5625 0.0414186
2 0.839803 0.832589 0.150658 0.0689484
2 0.839967 0.876116 0.155592 0.160466
2 0.440625 0.236359 0.135197 0.244544
2 0.842105 0.603299 0.159868 0.420387
2 0.582895 0.236979 0.144079 0.248264
0 0.222204 0.142237 0.285197 0.145585
0 0.790296 0.232515 0.270724 0.250248
2 0.228783 0.289311 0.275329 0.145585
