2 0.697806 0.11753 0.254654 0.168327
2 0.790891 0.987923 0.410239 0.0241534
2 0.252826 0.943227 0.0668218 0.11255
2 0.26762 0.885832 0.0285904 0.0395916
2 0.874169 0.25635 0.0674867 0.383715
1 0.116855 0.274527 0.227726 0.214392
2 0.445811 0.797062 0.0551862 0.0926295
0 0.118019 0.277764 0.236037 0.217878
2 0.0910904 0.595867 0.179521 0.25747
2 0.24867 0.549552 0.0831117 0.308267
2 0.691822 0.363048 0.197473 0.0288845
2 0.82613 0.77627 0.31117 0.060508
2 0.0917553 0.159114 0.180851 0.0278884
2 0.601064 0.908367 0.113032 0.111554
0 0.0752992 0.0672311 0.150598 0.128984
2 0.372839 0.834163 0.101396 0.0189243
2 0.653923 0.614791 0.664229 0.24253
2 0.599734 0.792829 0.119681 0.104084
2 0.114528 0.925672 0.221077 0.145169
2 0.0945811 0.437625 0.185173 0.114293
2 0.472241 0.0911355 0.713763 0.133964
0 0.813165 0.866783 0.299202 0.209163
2 0.386802 0.924552 0.152593 0.148904
2 0.396443 0.202191 0.29621 0.116036
0 0.367188 0.785857 0.096742 0.0771912
0 0.689993 0.280005 0.271609 0.141185
2 0.14744 0.793327 0.292886 0.117032
2 0.577294 0.437002 0.543551 0.120518
2 0.396609 0.319597 0.31117 0.114791
