2 0.695 0.164229 0.1295 0.0192819
2 0.166625 0.0167886 0.29125 0.0269282
2 0.8615 0.838098 0.1605 0.176862
2 0.247125 0.854887 0.16925 0.125997
2 0.098 0.854721 0.1435 0.126995
2 0.3125 0.321144 0.5465 0.043883
2 0.7125 0.727227 0.457 0.0521941
2 0.705875 0.227061 0.14875 0.110372
2 0.408 0.514295 0.1605 0.347739
2 0.255875 0.0882646 0.12775 0.106715
2 0.248125 0.217919 0.14625 0.120013
2 0.250125 0.746011 0.43725 0.0917553
2 0.71225 0.814827 0.4525 0.219415
2 0.243125 0.519116 0.14775 0.343418
2 0.55375 0.512134 0.1485 0.346077
2 0.709 0.0782912 0.147 0.132646
2 0.787875 0.645279 0.29775 0.0831117
2 0.0945 0.145279 0.148 0.265293
0 0.78975 0.454289 0.317 0.303524
2 0.551375 0.142952 0.14875 0.28125
2 0.400625 0.140957 0.14975 0.273271
2 0.8685 0.141789 0.159 0.283577
2 0.093625 0.527593 0.15275 0.31516
