0 0.6685 0.331449 0.0445 0.0518617
2 0.665625 0.869016 0.03675 0.0525266
2 0.13775 0.908743 0.194 0.0980718
2 0.050375 0.457281 0.04325 0.0501995
2 0.62 0.250997 0.725 0.0611702
2 0.827375 0.266456 0.12775 0.0388963
2 0.665 0.652427 0.044 0.052859
0 0.575 0.945811 0.1 0.0857713
0 0.2715 0.949136 0.103 0.0871011
2 0.059875 0.869515 0.04475 0.0541888
2 0.053 0.653757 0.0445 0.0508644
2 0.475875 0.653923 0.22525 0.0731383
2 0.817625 0.329455 0.21875 0.0631649
0 0.27225 0.741689 0.1035 0.107713
0 0.927375 0.254156 0.04175 0.0601729
2 0.182125 0.87018 0.20725 0.059508
0 0.85175 0.472407 0.1965 0.206117
2 0.412875 0.0470412 0.25925 0.0541888
2 0.48425 0.867188 0.273 0.0668218
0 0.885625 0.746343 0.10675 0.107713
2 0.739875 0.869182 0.17275 0.0615027
0 0.471375 0.441323 0.31575 0.276928
0 0.88075 0.947307 0.1 0.0880984
2 0.429625 0.946144 0.18425 0.0857713
2 0.75875 0.106715 0.139 0.184176
2 0.79575 0.650765 0.227 0.0621676
2 0.187125 0.64744 0.23225 0.0714761
2 0.172375 0.450798 0.26075 0.0711436
2 0.483 0.145113 0.136 0.112035
2 0.428625 0.746509 0.18525 0.112035
2 0.903 0.102394 0.141 0.176197
2 0.16925 0.534907 0.284 0.09375
2 0.078875 0.117852 0.13275 0.162566
2 0.349625 0.139794 0.13675 0.114029
2 0.73325 0.747008 0.1815 0.112367
2 0.73425 0.947972 0.1775 0.0794548
2 0.129125 0.947141 0.17775 0.0831117
2 0.211625 0.105552 0.13225 0.179854
2 0.69525 0.466755 0.1115 0.211436
2 0.1235 0.744681 0.1835 0.110372
2 0.617875 0.107547 0.13625 0.181184
