2 0.221924 0.266186 0.129883 0.140705
2 0.764404 0.938141 0.471191 0.0448718
2 0.794067 0.413462 0.142334 0.0666667
2 0.244995 0.953205 0.359619 0.0865385
2 0.813354 0.536699 0.190186 0.0669872
0 0.96875 0.530128 0.0385742 0.0769231
2 0.92627 0.429327 0.115234 0.107372
0 0.687744 0.415705 0.0507812 0.074359
2 0.0582275 0.15016 0.067627 0.0875
2 0.207397 0.638141 0.278076 0.0967949
0 0.905029 0.620192 0.0898438 0.130128
0 0.69519 0.73141 0.0524902 0.0698718
2 0.161011 0.0748397 0.228271 0.0432692
2 0.892334 0.235897 0.15918 0.141026
0 0.690063 0.538462 0.048584 0.0724359
2 0.143188 0.145353 0.101318 0.0964744
2 0.50293 0.9375 0.994141 0.0717949
2 0.879883 0.0911859 0.0581055 0.139423
2 0.25415 0.142949 0.0991211 0.0935897
2 0.815674 0.739583 0.176758 0.0849359
2 0.744507 0.841346 0.131104 0.098718
2 0.0882568 0.270673 0.0998535 0.130449
2 0.524658 0.194231 0.950195 0.347436
2 0.758545 0.628365 0.168945 0.0996795
