2 0.489625 0.940991 0.95575 0.118019
2 0.106375 0.305186 0.18275 0.0285904
2 0.781125 0.236037 0.42225 0.0325798
2 0.4775 0.735206 0.187 0.185838
2 0.1065 0.157247 0.1905 0.257314
2 0.277625 0.609043 0.14025 0.0378989
2 0.88525 0.228225 0.2195 0.0255984
2 0.683 0.233378 0.188 0.0285904
2 0.688125 0.618684 0.50025 0.0418883
2 0.478 0.686004 0.1975 0.0741356
0 0.478375 0.735539 0.18925 0.191157
0 0.89175 0.118185 0.2115 0.182513
2 0.1855 0.635472 0.327 0.0827793
0 0.054 0.922041 0.107 0.141955
2 0.0905 0.753823 0.1785 0.151263
2 0.301625 0.287733 0.18325 0.558843
2 0.279125 0.750997 0.18675 0.148271
2 0.8935 0.753823 0.21 0.208444
2 0.680875 0.746842 0.20625 0.20379
2 0.68275 0.409907 0.194 0.303856
2 0.49125 0.292886 0.1895 0.567819
2 0.891875 0.404588 0.21625 0.323803
