2 0.166335 0.586971 0.0239044 0.0694444
2 0.369522 0.3292 0.0478088 0.356812
2 0.193103 0.884921 0.0390936 0.0701058
2 0.985931 0.765377 0.0281375 0.0598545
2 0.760832 0.355489 0.233317 0.0343915
2 0.432271 0.207837 0.0383466 0.193452
2 0.134338 0.952216 0.106823 0.067791
2 0.770667 0.131614 0.267928 0.0601852
2 0.185383 0.733135 0.0540339 0.0767196
2 0.458914 0.573743 0.337649 0.0548942
2 0.77627 0.773479 0.20742 0.0363757
0 0.12251 0.730489 0.059761 0.0701058
0 0.117654 0.585979 0.0590139 0.0780423
2 0.465015 0.639385 0.318476 0.088955
2 0.260209 0.617725 0.0582669 0.136243
2 0.0526643 0.587632 0.0659861 0.0892857
2 0.944223 0.640873 0.10508 0.188492
0 0.137824 0.882275 0.059512 0.0707672
2 0.0562749 0.734127 0.0692231 0.0787037
2 0.0700946 0.888724 0.0734562 0.0909392
2 0.100598 0.655093 0.14741 0.0582011
2 0.101718 0.805886 0.163596 0.0661376
0 0.517679 0.914848 0.246514 0.137897
2 0.174054 0.174272 0.294323 0.138889
0 0.526021 0.238757 0.158118 0.272487
2 0.434138 0.757937 0.404133 0.14881
0 0.77241 0.659061 0.234562 0.214947
2 0.771165 0.249008 0.333665 0.179233
2 0.1687 0.318452 0.304034 0.150132
2 0.31387 0.913194 0.146663 0.157077
2 0.825946 0.896495 0.344622 0.199735
2 0.167082 0.466601 0.305279 0.146825
2 0.672186 0.457341 0.541086 0.16336
