0 0.409572 0.0439453 0.719242 0.0878906
0 0.21469 0.238607 0.152805 0.238281
2 0.766486 0.858073 0.216043 0.0345052
2 0.177165 0.526855 0.0915354 0.0185547
2 0.156127 0.662435 0.21875 0.0169271
2 0.0537648 0.320475 0.0578248 0.0205078
2 0.420522 0.905762 0.834646 0.155273
2 0.53937 0.0485026 0.447835 0.0839844
2 0.780512 0.377116 0.0442913 0.525716
2 0.172244 0.11556 0.244587 0.0520833
0 0.17003 0.468587 0.233268 0.0934245
2 0.382628 0.317871 0.136319 0.141602
2 0.170399 0.407552 0.249754 0.0286458
2 0.133366 0.364258 0.202264 0.0416667
2 0.0818159 0.229329 0.116388 0.175456
2 0.491388 0.907552 0.381398 0.152344
2 0.533834 0.323079 0.430856 0.129883
2 0.767963 0.907552 0.242618 0.126302
0 0.170645 0.590169 0.250246 0.130859
2 0.856299 0.383626 0.0939961 0.589518
2 0.380782 0.752441 0.752707 0.152018
2 0.531865 0.17334 0.448573 0.150716
2 0.529651 0.610352 0.448081 0.146484
2 0.531373 0.463867 0.451033 0.144531
