2 0.710273 0.295692 0.259641 0.111803
2 0.792719 0.121016 0.0714761 0.242032
2 0.399934 0.539965 0.744681 0.110807
2 0.571642 0.584288 0.303524 0.0281375
2 0.862699 0.541708 0.166223 0.108317
2 0.513963 0.311877 0.0704787 0.320468
2 0.926031 0.333292 0.147939 0.0480578
2 0.363697 0.0679781 0.674867 0.13247
2 0.660904 0.185134 0.139628 0.110309
2 0.250499 0.422186 0.411902 0.117281
2 0.924036 0.398406 0.151928 0.172311
2 0.577294 0.54009 0.350066 0.0986056
2 0.706283 0.358566 0.256316 0.249004
2 0.61137 0.787973 0.765957 0.124751
0 0.926695 0.160608 0.146609 0.293825
2 0.249501 0.19136 0.419215 0.114293
2 0.52377 0.658989 0.521609 0.118277
2 0.243185 0.305777 0.421875 0.113546
0 0.133477 0.713272 0.239029 0.233317
