2 0.674701 0.58775 0.526263 0.029
2 0.623005 0.331625 0.642287 0.02575
2 0.262301 0.61125 0.459441 0.098
2 0.476064 0.582 0.881649 0.034
2 0.314162 0.940375 0.424867 0.04125
2 0.193816 0.203625 0.305186 0.02825
2 0.311835 0.98375 0.537899 0.0325
2 0.494515 0.259875 0.938497 0.07275
2 0.460771 0.72625 0.748005 0.074
2 0.478225 0.391625 0.895279 0.07225
2 0.685505 0.648875 0.40625 0.07225
2 0.477892 0.498875 0.895279 0.09975
2 0.752493 0.9635 0.307513 0.0715
2 0.496177 0.112 0.932513 0.1765
2 0.449967 0.83825 0.786237 0.139
