2 0.159 0.178856 0.224 0.0345745
2 0.4785 0.664395 0.1735 0.256316
2 0.638125 0.176197 0.50275 0.0432181
2 0.595 0.492852 0.1915 0.0674867
2 0.767375 0.181848 0.25625 0.0365691
2 0.5605 0.225066 0.231 0.037234
0 0.385125 0.106383 0.70725 0.182181
2 0.4925 0.493517 0.388 0.0714761
2 0.63075 0.661902 0.126 0.253324
2 0.822625 0.947141 0.24775 0.0432181
2 0.229375 0.538398 0.12625 0.470412
2 0.097875 0.544548 0.13325 0.469415
2 0.169875 0.255818 0.24025 0.0761303
2 0.829375 0.236536 0.26425 0.0581782
0 0.56 0.327793 0.2485 0.190824
2 0.899125 0.593085 0.14225 0.630984
2 0.762125 0.590093 0.13275 0.637633
2 0.36375 0.319648 0.1335 0.239029
