2 0.865951 0.733825 0.047056 0.468279
2 0.101593 0.467337 0.0516409 0.265704
2 0.472249 0.57255 0.0144788 0.0766332
2 0.0936293 0.673995 0.050193 0.387563
2 0.72792 0.578518 0.200531 0.02701
2 0.868364 0.576947 0.0533301 0.402638
2 0.221163 0.602544 0.116554 0.0304648
2 0.724421 0.613536 0.147201 0.0329774
2 0.756515 0.24309 0.295367 0.172739
2 0.226593 0.560459 0.173263 0.0411432
2 0.466216 0.353486 0.526544 0.0562186
2 0.226834 0.461212 0.185328 0.151696
2 0.214165 0.228329 0.300917 0.163945
0 0.550917 0.51272 0.135135 0.232098
2 0.727075 0.483197 0.205598 0.168656
2 0.462838 0.873116 0.764479 0.161432
0 0.392375 0.507852 0.143822 0.22299
2 0.48166 0.236024 0.253378 0.157977
2 0.469233 0.707915 0.780647 0.159548
