2 0.0587838 0.428627 0.114865 0.0271528
2 0.531081 0.752133 0.775676 0.0457719
0 0.0628378 0.812258 0.125676 0.257564
2 0.55473 0.347944 0.831081 0.157486
2 0.552703 0.86346 0.827027 0.26377
2 0.308784 0.0170675 0.617568 0.034135
2 0.323649 0.147013 0.612162 0.0923196
0 0.0662162 0.558573 0.132432 0.224981
2 0.551351 0.240884 0.891892 0.0535299
2 0.0560811 0.917766 0.112162 0.0201707
2 0.552703 0.607836 0.816216 0.227308
2 0.544595 0.467417 0.816216 0.0473235
2 0.832432 0.0837859 0.267568 0.0713732
