2 0.0405093 0.19553 0.0339506 0.0125868
2 0.917824 0.15115 0.0516975 0.0171441
2 0.909336 0.599935 0.0679012 0.014974
2 0.216821 0.236003 0.429012 0.0184462
2 0.147569 0.871962 0.173225 0.0217014
2 0.930748 0.184028 0.0744599 0.016059
2 0.929205 0.223741 0.0744599 0.016059
2 0.497492 0.147461 0.227238 0.0206163
2 0.493056 0.835286 0.392747 0.0260417
2 0.502315 0.905707 0.936728 0.0653212
3 0.467593 0.601997 0.337963 0.0251736
2 0.490548 0.634657 0.92554 0.0388455
2 0.816744 0.48546 0.263117 0.0490451
2 0.491512 0.438694 0.260031 0.0258247
0 0.482639 0.746311 0.469136 0.163628
3 0.485918 0.39822 0.687114 0.0564236
2 0.497106 0.275608 0.932485 0.0603299
2 0.484182 0.518555 0.949074 0.129991
3 0.483218 0.181532 0.169367 0.0258247
3 0.480903 0.22168 0.173997 0.0245226
2 0.494406 0.333984 0.92554 0.0664062
