3 0.476659 0.422635 0.490355 0.047092
2 0.486304 0.238607 0.943287 0.0353733
2 0.169753 0.160156 0.216049 0.0199653
2 0.905478 0.14464 0.0578704 0.0167101
2 0.16686 0.599935 0.21875 0.0210503
2 0.499614 0.894314 0.887346 0.0551215
2 0.917824 0.280056 0.0625 0.0193142
2 0.912423 0.533203 0.0648148 0.0208333
2 0.914738 0.416341 0.0640432 0.0197483
2 0.911844 0.65842 0.0636574 0.0195312
2 0.16358 0.359809 0.210648 0.0217014
2 0.497492 0.136285 0.244985 0.0264757
2 0.314815 0.618707 0.51466 0.0269097
0 0.5 0.0461155 0.988426 0.0917969
2 0.161844 0.482422 0.201003 0.0212674
2 0.489005 0.315864 0.918596 0.0401476
2 0.279514 0.379883 0.424769 0.0227865
2 0.496142 0.824002 0.903549 0.0985243
2 0.219522 0.502496 0.323302 0.0266927
2 0.494213 0.583876 0.885031 0.0362413
3 0.478781 0.416558 0.270062 0.0384115
2 0.260802 0.772461 0.41821 0.0240885
3 0.481096 0.276801 0.257716 0.0379774
2 0.489198 0.215712 0.928241 0.0828993
2 0.487076 0.459201 0.936343 0.0542535
3 0.473573 0.662435 0.278935 0.0544705
3 0.482832 0.542643 0.251929 0.0479601
2 0.486304 0.721354 0.907022 0.0611979
2 0.809221 0.346788 0.265818 0.0499132
