2 0.916088 0.410482 0.0775463 0.0188802
3 0.477431 0.386176 0.832948 0.0379774
2 0.911265 0.215061 0.0794753 0.0182292
2 0.913966 0.335503 0.0825617 0.0195312
3 0.503858 0.443359 0.260802 0.0351562
3 0.495177 0.495226 0.836806 0.0512153
2 0.917245 0.609592 0.0868056 0.0173611
2 0.921296 0.521267 0.0733025 0.015625
2 0.0835262 0.849067 0.0852623 0.0236545
3 0.495177 0.612196 0.179398 0.0325521
2 0.353974 0.388021 0.582948 0.0264757
2 0.163387 0.360243 0.263503 0.0217014
3 0.650077 0.20204 0.641975 0.0672743
2 0.916088 0.583116 0.0844907 0.0177951
3 0.503279 0.58431 0.154707 0.0279948
2 0.0601852 0.157444 0.0679012 0.0214844
2 0.0744599 0.566406 0.0771605 0.0217014
2 0.488426 0.477214 0.906636 0.0412326
2 0.499614 0.275282 0.924383 0.0661892
2 0.502508 0.695855 0.951003 0.130859
3 0.512153 0.519206 0.481867 0.0410156
