3 0.515046 0.183485 0.14429 0.0188802
2 0.342978 0.736871 0.645833 0.0193142
2 0.497299 0.764865 0.946759 0.0414497
3 0.507137 0.710178 0.167052 0.031033
2 0.502894 0.819227 0.963349 0.0646701
2 0.509259 0.744575 0.973765 0.0355903
2 0.30054 0.486871 0.282407 0.0227865
2 0.498843 0.890842 0.945988 0.030816
2 0.512924 0.152235 0.904707 0.0431858
2 0.497299 0.518229 0.86034 0.0351562
0 0.293596 0.408854 0.346451 0.127604
2 0.701775 0.490126 0.300926 0.0201823
2 0.351273 0.682075 0.569059 0.0217014
0 0.695602 0.403537 0.308642 0.167318
2 0.508873 0.225803 0.91821 0.0731337
2 0.502122 0.58724 0.947917 0.0993924
