3 0.480324 0.542426 0.720679 0.0418837
2 0.385031 0.517036 0.666667 0.0431858
2 0.17284 0.851454 0.290895 0.0258247
2 0.914738 0.0878906 0.0501543 0.015625
2 0.363233 0.489149 0.639275 0.0421007
2 0.486111 0.533095 0.834877 0.0275608
2 0.364776 0.441732 0.677083 0.0740017
2 0.934028 0.700304 0.0686728 0.0190972
2 0.933449 0.797635 0.068287 0.0197483
2 0.931906 0.661567 0.0667438 0.0184462
2 0.933063 0.599392 0.0621142 0.0169271
2 0.932099 0.56033 0.0648148 0.0173611
2 0.360918 0.386068 0.670139 0.0737847
3 0.487076 0.599392 0.322917 0.0386285
2 0.206211 0.178494 0.271991 0.0210503
2 0.372106 0.630968 0.653164 0.0262587
3 0.479938 0.795139 0.147377 0.0321181
2 0.225694 0.292426 0.388117 0.0262587
2 0.503665 0.328016 0.930941 0.0418837
2 0.497492 0.0874566 0.34838 0.0286458
3 0.489198 0.699002 0.362654 0.0360243
3 0.485725 0.662001 0.305556 0.0366753
3 0.488812 0.561632 0.253858 0.0329861
2 0.505208 0.13661 0.937886 0.0614149
2 0.505401 0.226997 0.922068 0.0794271
2 0.499614 0.74273 0.938272 0.0588108
2 0.826582 0.391276 0.254244 0.0911458
2 0.829282 0.4949 0.265046 0.0436198
