2 0.28723 0.5523 0.498071 0.0208333
2 0.497492 0.850477 0.926312 0.107639
2 0.339699 0.592773 0.572917 0.0201823
2 0.911844 0.160156 0.0513117 0.0169271
3 0.489969 0.268121 0.0925926 0.0145399
2 0.913194 0.571832 0.0709877 0.0186632
2 0.922068 0.313368 0.066358 0.0177951
3 0.482639 0.232096 0.0817901 0.0167101
2 0.194059 0.453776 0.319444 0.0186632
3 0.489005 0.574436 0.266589 0.0217014
2 0.919174 0.371419 0.0760031 0.0193142
2 0.130594 0.20497 0.209491 0.0167101
2 0.91821 0.427409 0.0725309 0.0188802
2 0.914352 0.532444 0.0740741 0.0206163
2 0.914352 0.483724 0.0725309 0.0208333
2 0.139853 0.509983 0.21875 0.0173611
2 0.328704 0.341037 0.648148 0.0214844
2 0.226273 0.24273 0.375386 0.0167101
2 0.275656 0.281576 0.509645 0.0180122
2 0.920718 0.232747 0.068287 0.0184462
2 0.921103 0.270074 0.068287 0.0180122
2 0.171489 0.396376 0.282793 0.0175781
2 0.922454 0.191949 0.0694444 0.0171441
2 0.495177 0.158203 0.217978 0.0212674
3 0.479167 0.371636 0.387346 0.0332031
3 0.481481 0.190647 0.142747 0.0232205
3 0.477623 0.31326 0.545525 0.0345052
3 0.484375 0.426975 0.239583 0.0375434
3 0.488619 0.531142 0.264275 0.0201823
3 0.485918 0.485026 0.249614 0.0355903
2 0.500772 0.615126 0.925926 0.0722656
2 0.503472 0.724935 0.911265 0.143012
