3 0.493056 0.222005 0.175926 0.0203993
2 0.142554 0.587131 0.241898 0.0266927
3 0.487461 0.323893 0.244213 0.0414497
2 0.495563 0.797852 0.910108 0.0740017
2 0.210069 0.751194 0.393904 0.0232205
3 0.48669 0.433919 0.352238 0.0401476
2 0.390046 0.42003 0.679784 0.0266927
2 0.505594 0.482747 0.928627 0.0410156
2 0.186343 0.147244 0.334105 0.0275608
2 0.495563 0.726562 0.960262 0.216146
3 0.492477 0.184896 0.204861 0.062934
2 0.498457 0.884549 0.942901 0.0685764
2 0.184992 0.356011 0.247299 0.0219184
3 0.487847 0.449978 0.295139 0.0340712
3 0.492091 0.336263 0.293596 0.0292969
2 0.492284 0.515299 0.949846 0.0887587
2 0.737847 0.111111 0.426312 0.0299479
3 0.493248 0.260091 0.250386 0.0284288
3 0.496528 0.384115 0.270062 0.0403646
3 0.491512 0.296441 0.206019 0.0269097
