3 0.486497 0.651367 0.278549 0.0544705
2 0.162037 0.813802 0.274691 0.0303819
2 0.728781 0.386176 0.216049 0.0240885
0 0.736497 0.323242 0.391204 0.136936
2 0.48939 0.703125 0.919367 0.0342882
3 0.492477 0.550239 0.187114 0.0232205
2 0.278935 0.569553 0.507716 0.0210503
3 0.73534 0.325195 0.385802 0.141276
2 0.0754244 0.148655 0.110725 0.0230035
2 0.510224 0.852431 0.912423 0.0338542
3 0.489776 0.669488 0.258873 0.0347222
3 0.499807 0.633464 0.32446 0.0386285
2 0.481674 0.520616 0.920139 0.0338542
3 0.487654 0.44911 0.278549 0.10395
3 0.47936 0.201172 0.536651 0.116753
3 0.494406 0.596571 0.237269 0.0355903
2 0.495949 0.760525 0.956404 0.0748698
2 0.27662 0.329319 0.518519 0.132595
