0 0.765 0.488302 0.3515 0.274064
2 0.418 0.85361 0.3395 0.124332
0 0.282875 0.859626 0.55025 0.157754
2 0.28825 0.856451 0.5765 0.153409
2 0.779 0.154579 0.0145 0.0404412
2 0.068375 0.0853944 0.13575 0.0738636
0 0.483 0.9624 0.966 0.0752005
2 0.062125 0.596925 0.12425 0.0514706
0 0.379 0.707052 0.351 0.129345
2 0.755125 0.101437 0.06075 0.143382
2 0.668625 0.712567 0.17725 0.0828877
2 0.06775 0.308155 0.1355 0.0574866
1 0.790625 0.794619 0.41875 0.267045
2 0.4555 0.100936 0.661 0.16377
2 0.92 0.138369 0.1595 0.276738
2 0.70375 0.257854 0.2565 0.160094
2 0.54375 0.490475 0.901 0.289104
2 0.077625 0.207052 0.15125 0.14004
2 0.078375 0.710896 0.15675 0.0889037
0 0.0655 0.460394 0.131 0.231618
