0 0.966 0.211898 0.0655 0.32754
2 0.963125 0.474432 0.07175 0.0965909
2 0.04 0.0243984 0.0775 0.0287433
2 0.789 0.0222259 0.4055 0.0377674
2 0.845875 0.55498 0.12075 0.64873
2 0.961125 0.556818 0.07775 0.570856
2 0.656 0.969418 0.0265 0.0611631
2 0.520125 0.605949 0.33025 0.31885
0 0.63275 0.114806 0.173 0.136698
0 0.476 0.318683 0.2125 0.251003
2 0.133125 0.248997 0.19775 0.139037
2 0.68775 0.422126 0.0815 0.445856
2 0.301375 0.473596 0.07025 0.465241
2 0.616375 0.412099 0.04725 0.413102
2 0.77175 0.582721 0.057 0.550468
1 0.12825 0.473763 0.198 0.557821
2 0.08725 0.144218 0.1745 0.0504679
2 0.801875 0.119485 0.23175 0.101939
2 0.090375 0.09375 0.18075 0.056484
1 0.347625 0.826537 0.67775 0.164439
1 0.36925 0.955548 0.6725 0.0889037
2 0.444375 0.116644 0.20325 0.110294
0 0.26675 0.110461 0.1605 0.119987
2 0.82125 0.85996 0.1585 0.0621658
2 0.482 0.514539 0.236 0.172126
2 0.804875 0.950535 0.24175 0.0989305
