2 0.893125 0.819686 0.12125 0.0551471
2 0.746125 0.0780414 0.02175 0.029746
2 0.123 0.913269 0.2165 0.172794
2 0.857875 0.978944 0.24125 0.0421123
2 0.897 0.690842 0.148 0.130348
2 0.859625 0.231785 0.06125 0.0170455
0 0.85975 0.978442 0.234 0.043115
2 0.902625 0.650401 0.15475 0.0768717
2 0.23375 0.884525 0.4665 0.230949
2 0.902375 0.534091 0.14925 0.141043
2 0.118 0.395555 0.233 0.675468
2 0.344875 0.912433 0.21375 0.174465
0 0.786375 0.0800468 0.09475 0.0397727
2 0.89125 0.0865642 0.118 0.040107
2 0.59 0.514539 0.2305 0.944853
2 0.90725 0.864472 0.1375 0.142045
2 0.90525 0.255348 0.1465 0.0481283
2 0.906625 0.415775 0.15575 0.0574866
2 0.90425 0.168951 0.148 0.0698529
0 0.78625 0.677808 0.0705 0.147727
2 0.901 0.338737 0.1475 0.0678476
0 0.789125 0.197025 0.06975 0.14873
0 0.78375 0.527741 0.0745 0.134358
0 0.783375 0.367146 0.08175 0.14873
0 0.791375 0.860127 0.09575 0.152741
