2 0.17919921875 0.0419921875 0.3076171875 0.07421875
0 0.7724609375 0.18017578125 0.38736979166666663 0.1064453125
2 0.17317708333333331 0.1689453125 0.310546875 0.0576171875
2 0.08447265625 0.2139892578125 0.1181640625 0.025634765625
2 0.23307291666666666 0.57177734375 0.45703125 0.53271484375
2 0.1044921875 0.874267578125 0.17317708333333331 0.025390625
2 0.23470052083333331 0.93798828125 0.4453125 0.09326171875
2 0.7073567708333333 0.834228515625 0.4915364583333333 0.28515625
0 0.7373046875 0.4586181640625 0.5247395833333333 0.397216796875
2 0.93408203125 0.6456298828125 0.13118489583333331 0.021240234375
