2 0.4773763020833333 0.10009765625 0.5074869791666666 0.0732421875
2 0.49430338541666663 0.157958984375 0.1123046875 0.02880859375
2 0.16357421875 0.3892822265625 0.3154296875 0.409423828125
2 0.48697916666666663 0.3875732421875 0.34635416666666663 0.408447265625
2 0.8323567708333333 0.2373046875 0.318359375 0.10107421875
0 0.8294270833333333 0.435791015625 0.33854166666666663 0.30517578125
2 0.6637369791666666 0.6734619140625 0.2825520833333333 0.038818359375
2 0.17317708333333331 0.7877197265625 0.3255208333333333 0.316162109375
2 0.66357421875 0.842529296875 0.6376953125 0.19970703125
2 0.6614583333333333 0.71826171875 0.109375 0.0244140625
