2 0.46988932291666663 0.1058349609375 0.48404947916666663 0.051025390625
2 0.4617513020833333 0.15576171875 0.21907552083333331 0.02880859375
2 0.46695963541666663 0.1917724609375 0.3889973958333333 0.030029296875
2 0.4617513020833333 0.29931640625 0.8642578125 0.18310546875
2 0.48014322916666663 0.41259765625 0.525390625 0.0341796875
2 0.46988932291666663 0.4736328125 0.4482421875 0.0654296875
2 0.46842447916666663 0.5740966796875 0.8717447916666666 0.111083984375
2 0.07112630208333333 0.678466796875 0.13313802083333331 0.0244140625
2 0.23307291666666666 0.8182373046875 0.451171875 0.221923828125
2 0.7236328125 0.7899169921875 0.494140625 0.294189453125
2 0.20345052083333331 0.94970703125 0.3802083333333333 0.02099609375
