2 0.177734375 0.233154296875 0.3372395833333333 0.46630859375
2 0.51123046875 0.23681640625 0.31803385416666663 0.4638671875
2 0.8331705729166666 0.0347900390625 0.1865234375 0.046630859375
2 0.7923177083333333 0.1324462890625 0.18489583333333331 0.062255859375
2 0.73095703125 0.16845703125 0.06803385416666666 0.02099609375
0 0.7294921875 0.0352783203125 0.047526041666666664 0.038818359375
0 0.8369140625 0.3243408203125 0.30338541666666663 0.295166015625
2 0.17399088541666666 0.74658203125 0.31217447916666663 0.46044921875
2 0.5076497395833333 0.73828125 0.3343098958333333 0.455078125
2 0.8435872395833333 0.55078125 0.3017578125 0.080078125
2 0.8401692708333333 0.8270263671875 0.31901041666666663 0.255126953125
