2 0.1817626953125 0.8194986979166666 0.139892578125 0.3212890625
2 0.2713623046875 0.8167317708333333 0.026123046875 0.12044270833333333
2 0.63427734375 0.8136393229166666 0.67529296875 0.3069661458333333
2 0.8524169921875 0.4827473958333333 0.255615234375 0.30924479166666663
2 0.9373779296875 0.17447916666666666 0.111572265625 0.28971354166666663
2 0.8629150390625 0.15706380208333331 0.027587890625 0.12272135416666666
2 0.42919921875 0.1728515625 0.85595703125 0.29296875
0 0.2672119140625 0.4892578125 0.476806640625 0.3548177083333333
2 0.6065673828125 0.4983723958333333 0.109130859375 0.2864583333333333
2 0.666748046875 0.5846354166666666 0.029296875 0.06184895833333333
2 0.0572509765625 0.8238932291666666 0.037353515625 0.22591145833333331
