2 0.26806640625 0.5211588541666666 0.45751953125 0.29947916666666663
2 0.274169921875 0.19677734375 0.474609375 0.3147786458333333
2 0.088623046875 0.80712890625 0.0380859375 0.18326822916666666
0 0.0963134765625 0.916015625 0.031005859375 0.026041666666666664
2 0.1883544921875 0.8629557291666666 0.095947265625 0.18880208333333331
2 0.244384765625 0.9225260416666666 0.01953125 0.05859375
0 0.371826171875 0.8304036458333333 0.259765625 0.2845052083333333
2 0.818115234375 0.7478841145833333 0.33203125 0.46451822916666663
2 0.8189697265625 0.2840169270833333 0.319091796875 0.47623697916666663
2 0.6046142578125 0.5074869791666666 0.069091796875 0.9212239583333333
2 0.545654296875 0.50439453125 0.0390625 0.9059244791666666
