2 0.12141927083333333 0.0618896484375 0.201171875 0.067626953125
2 0.15315755208333331 0.1673583984375 0.2796223958333333 0.067626953125
2 0.06966145833333333 0.2305908203125 0.11263020833333333 0.034423828125
2 0.21842447916666666 0.394287109375 0.43359375 0.19091796875
2 0.10367838541666666 0.52294921875 0.20735677083333331 0.033203125
2 0.21907552083333331 0.7132568359375 0.4290364583333333 0.347412109375
2 0.08138020833333333 0.918701171875 0.15690104166666666 0.02783203125
2 0.22639973958333331 0.9508056640625 0.3759765625 0.023193359375
0 0.7255859375 0.292724609375 0.5481770833333333 0.36962890625
2 0.66357421875 0.6412353515625 0.4423828125 0.269775390625
2 0.5074869791666666 0.8043212890625 0.16276041666666666 0.034423828125
2 0.6666666666666666 0.9058837890625 0.4544270833333333 0.179931640625
