2 0.0540771484375 0.91552734375 0.021240234375 0.06608072916666666
2 0.08447265625 0.82666015625 0.03173828125 0.2939453125
2 0.1646728515625 0.5595703125 0.143310546875 0.8430989583333333
2 0.264404296875 0.8369140625 0.0234375 0.29752604166666663
2 0.35302734375 0.5618489583333333 0.15380859375 0.8411458333333333
2 0.476806640625 0.9345703125 0.0205078125 0.05403645833333333
2 0.520751953125 0.7999674479166666 0.03662109375 0.3408203125
2 0.7396240234375 0.74951171875 0.375244140625 0.47428385416666663
2 0.5247802734375 0.28515625 0.033447265625 0.33072916666666663
2 0.7449951171875 0.2314453125 0.387451171875 0.451171875
