2 0.24934895833333331 0.040283203125 0.06380208333333333 0.0400390625
2 0.49869791666666663 0.13232421875 0.37890625 0.048828125
2 0.49658203125 0.187255859375 0.7177734375 0.056640625
2 0.5030924479166666 0.3226318359375 0.8375651041666666 0.205322265625
2 0.50244140625 0.453125 0.6761067708333333 0.05322265625
2 0.48828125 0.5257568359375 0.59765625 0.074462890625
2 0.49137369791666663 0.64794921875 0.8818359375 0.154296875
2 0.09847005208333333 0.7593994140625 0.12272135416666666 0.044189453125
2 0.29150390625 0.805908203125 0.4202473958333333 0.02880859375
2 0.7311197916666666 0.7882080078125 0.494140625 0.099853515625
2 0.5120442708333333 0.892578125 0.947265625 0.1064453125
0 0.14371744791666666 0.0474853515625 0.12727864583333331 0.070068359375
