2 0.0377197265625 0.16145833333333331 0.035888671875 0.23307291666666666
2 0.45849609375 0.17496744791666666 0.69970703125 0.2822265625
0 0.901611328125 0.16634114583333331 0.1962890625 0.26041666666666663
2 0.884521484375 0.4788411458333333 0.23046875 0.3255208333333333
2 0.88623046875 0.8136393229166666 0.22705078125 0.3310546875
2 0.765380859375 0.6334635416666666 0.0244140625 0.07682291666666666
2 0.353515625 0.49462890625 0.693359375 0.3264973958333333
2 0.5545654296875 0.8282877604166666 0.309326171875 0.31022135416666663
0 0.296630859375 0.8310546875 0.205078125 0.3157552083333333
2 0.1533203125 0.84716796875 0.04541015625 0.2939453125
2 0.1871337890625 0.94482421875 0.023681640625 0.06412760416666666
2 0.0443115234375 0.8330078125 0.040771484375 0.19856770833333331
