2 0.2325439453125 0.49462890625 0.465087890625 0.31803385416666663
2 0.48779296875 0.49576822916666663 0.01953125 0.13346354166666666
2 0.7408447265625 0.49576822916666663 0.467041015625 0.322265625
2 0.799072265625 0.8173828125 0.328125 0.30143229166666663
2 0.603759765625 0.8118489583333333 0.02197265625 0.1171875
0 0.3848876953125 0.8136393229166666 0.345947265625 0.29850260416666663
2 0.1524658203125 0.8629557291666666 0.099365234375 0.232421875
2 0.04833984375 0.8118489583333333 0.04052734375 0.1953125
2 0.0833740234375 0.17171223958333331 0.164306640625 0.2822265625
2 0.1981201171875 0.15657552083333331 0.026123046875 0.134765625
2 0.598388671875 0.17936197916666666 0.76171875 0.3079427083333333
