2 0.3123372395833333 0.1318359375 0.26920572916666663 0.06103515625
2 0.3264973958333333 0.2445068359375 0.6022135416666666 0.173095703125
2 0.31005859375 0.44091796875 0.28287760416666663 0.06201171875
2 0.3279622395833333 0.572509765625 0.6318359375 0.18310546875
2 0.24430338541666666 0.7650146484375 0.1865234375 0.055419921875
2 0.31315104166666663 0.873779296875 0.6080729166666666 0.12646484375
2 0.8561197916666666 0.1534423828125 0.12565104166666666 0.075439453125
2 0.8264973958333333 0.3199462890625 0.32096354166666663 0.261962890625
2 0.8701171875 0.5562744140625 0.18359375 0.099853515625
2 0.8212890625 0.7620849609375 0.298828125 0.311767578125
0 0.10660807291666666 0.1029052734375 0.13313802083333331 0.103271484375
0 0.09928385416666666 0.4130859375 0.13606770833333331 0.1220703125
0 0.09326171875 0.743896484375 0.10970052083333333 0.11767578125
0 0.73828125 0.1307373046875 0.09765625 0.118896484375
0 0.7176106770833333 0.557373046875 0.12727864583333331 0.1064453125
