2 0.25455729166666663 0.1640625 0.4466145833333333 0.32080078125
2 0.12516276041666666 0.3349609375 0.18782552083333331 0.0234375
2 0.25162760416666663 0.4736328125 0.4524739583333333 0.24072265625
0 0.24055989583333331 0.72998046875 0.462890625 0.28955078125
2 0.24869791666666666 0.8603515625 0.24869791666666666 0.02001953125
2 0.248046875 0.91357421875 0.4720052083333333 0.0732421875
2 0.7185872395833333 0.0775146484375 0.4690755208333333 0.152099609375
2 0.6038411458333333 0.16845703125 0.21028645833333331 0.0234375
2 0.7184244791666666 0.3077392578125 0.4544270833333333 0.259521484375
0 0.72802734375 0.58349609375 0.47037760416666663 0.29638671875
2 0.720703125 0.7232666015625 0.21875 0.023193359375
2 0.7353515625 0.8343505859375 0.48828125 0.205322265625
