2 0.216796875 0.0413818359375 0.3919270833333333 0.031005859375
2 0.19986979166666666 0.0618896484375 0.3313802083333333 0.018798828125
2 0.25309244791666663 0.2279052734375 0.4619140625 0.319580078125
0 0.259765625 0.474853515625 0.462890625 0.18310546875
2 0.244140625 0.5557861328125 0.24869791666666666 0.018798828125
2 0.189453125 0.587890625 0.34635416666666663 0.0234375
2 0.23909505208333331 0.658447265625 0.4573567708333333 0.11767578125
0 0.24869791666666666 0.8271484375 0.46744791666666663 0.21533203125
2 0.64892578125 0.040283203125 0.3271484375 0.03125
2 0.7125651041666666 0.2166748046875 0.4453125 0.323974609375
2 0.64892578125 0.3936767578125 0.31217447916666663 0.025634765625
2 0.7355143229166666 0.6939697265625 0.46451822916666663 0.568115234375
