2 0.5021158854166666 0.182861328125 0.9951171875 0.36279296875
2 0.2967122395833333 0.3837890625 0.5875651041666666 0.07421875
2 0.16357421875 0.4459228515625 0.2646484375 0.021240234375
2 0.17985026041666666 0.705078125 0.33561197916666663 0.4970703125
2 0.50537109375 0.581298828125 0.33561197916666663 0.30078125
2 0.49723307291666663 0.75439453125 0.1181640625 0.02783203125
2 0.5017903645833333 0.775390625 0.2900390625 0.01220703125
2 0.5009765625 0.866943359375 0.31510416666666663 0.1708984375
2 0.845703125 0.4764404296875 0.3059895833333333 0.113037109375
2 0.8361002604166666 0.55419921875 0.23665364583333331 0.0244140625
2 0.8338216145833333 0.7666015625 0.32389322916666663 0.4072265625
