2 0.27978515625 0.1268310546875 0.4378255208333333 0.190673828125
2 0.2776692708333333 0.325439453125 0.4720052083333333 0.19091796875
2 0.27897135416666663 0.4630126953125 0.4453125 0.075439453125
2 0.28043619791666663 0.406982421875 0.2529296875 0.0166015625
2 0.17399088541666666 0.5135498046875 0.2587890625 0.023193359375
2 0.2724609375 0.6146240234375 0.46158854166666663 0.180908203125
2 0.26725260416666663 0.8309326171875 0.4720052083333333 0.249755859375
2 0.7353515625 0.2022705078125 0.46158854166666663 0.352783203125
0 0.7384440104166666 0.4769287109375 0.47037760416666663 0.194091796875
2 0.7376302083333333 0.5562744140625 0.232421875 0.022216796875
2 0.748046875 0.7677001953125 0.47526041666666663 0.385009765625
