0 0.33154296875 0.15576171875 0.6630859375 0.29296875
2 0.8323567708333333 0.1051025390625 0.32682291666666663 0.205322265625
2 0.8509114583333333 0.239013671875 0.201171875 0.02001953125
2 0.8390299479166666 0.3316650390625 0.3108723958333333 0.156494140625
2 0.8427734375 0.455322265625 0.2884114583333333 0.01318359375
2 0.8401692708333333 0.7283935546875 0.31901041666666663 0.530517578125
2 0.4949544270833333 0.412109375 0.3330078125 0.1796875
0 0.33072916666666663 0.1573486328125 0.6614583333333333 0.298583984375
2 0.17317708333333331 0.4210205078125 0.3138020833333333 0.221923828125
2 0.17838541666666666 0.5596923828125 0.220703125 0.017822265625
2 0.17692057291666666 0.7716064453125 0.30631510416666663 0.399658203125
2 0.4978841145833333 0.5379638671875 0.2854817708333333 0.023193359375
2 0.5032552083333333 0.7354736328125 0.3313802083333333 0.364990234375
2 0.5113932291666666 0.94970703125 0.244140625 0.02783203125
2 0.5276692708333333 0.9697265625 0.2649739583333333 0.02783203125
2 0.125 0.0430908203125 0.11979166666666666 0.034423828125
