0 0.5135091145833333 0.0712890625 0.9261067708333333 0.14208984375
2 0.5231119791666666 0.1229248046875 0.2591145833333333 0.021240234375
2 0.2864583333333333 0.2039794921875 0.4837239583333333 0.132080078125
3 0.2605794270833333 0.3016357421875 0.1982421875 0.076416015625
2 0.2937825520833333 0.6417236328125 0.48404947916666663 0.616943359375
2 0.7547200520833333 0.193359375 0.4436848958333333 0.09326171875
0 0.7584635416666666 0.3865966796875 0.45703125 0.246337890625
2 0.7620442708333333 0.528564453125 0.36393229166666663 0.03759765625
0 0.7688802083333333 0.6795654296875 0.4453125 0.237548828125
2 0.7805989583333333 0.8115234375 0.19661458333333331 0.015625
2 0.7576497395833333 0.83154296875 0.4085286458333333 0.015625
2 0.7698567708333333 0.8992919921875 0.45963541666666663 0.095458984375
