0 0.04671223958333333 0.370361328125 0.06087239583333333 0.056640625
0 0.047526041666666664 0.57080078125 0.0859375 0.0732421875
0 0.05110677083333333 0.78662109375 0.08723958333333333 0.06982421875
0 0.3885091145833333 0.6090087890625 0.07259114583333333 0.076416015625
0 0.3870442708333333 0.7783203125 0.11393229166666666 0.0576171875
0 0.7392578125 0.4302978515625 0.08138020833333333 0.067626953125
0 0.7384440104166666 0.56298828125 0.08561197916666666 0.06005859375
2 0.19986979166666666 0.374267578125 0.24544270833333331 0.06884765625
2 0.15836588541666666 0.4664306640625 0.3134765625 0.108642578125
2 0.19759114583333331 0.5728759765625 0.23828125 0.066650390625
2 0.15983072916666666 0.6717529296875 0.3046875 0.128662109375
2 0.20198567708333331 0.788330078125 0.2353515625 0.07763671875
2 0.162109375 0.8975830078125 0.30338541666666663 0.149658203125
2 0.5535481770833333 0.610107421875 0.24576822916666666 0.0654296875
2 0.5126953125 0.6883544921875 0.3359375 0.084228515625
2 0.5564778645833333 0.7822265625 0.23079427083333331 0.0654296875
2 0.51708984375 0.894287109375 0.3388671875 0.14306640625
2 0.8404947916666666 0.3621826171875 0.31640625 0.042236328125
2 0.8898111979166666 0.435302734375 0.2197265625 0.06005859375
2 0.8445638020833333 0.4947509765625 0.31022135416666663 0.043212890625
2 0.8898111979166666 0.561279296875 0.2197265625 0.06982421875
2 0.8395182291666666 0.7799072265625 0.3203125 0.356201171875
