2 0.26578776041666663 0.15625 0.4632161458333333 0.25634765625
0 0.26725260416666663 0.3349609375 0.4720052083333333 0.09423828125
2 0.2470703125 0.3927001953125 0.287109375 0.030029296875
2 0.2537434895833333 0.4974365234375 0.4365234375 0.164306640625
0 0.26416015625 0.697265625 0.39811197916666663 0.2353515625
2 0.2537434895833333 0.825439453125 0.18782552083333331 0.03662109375
2 0.259765625 0.9091796875 0.4837239583333333 0.13525390625
2 0.7392578125 0.260009765625 0.4661458333333333 0.4462890625
2 0.736328125 0.9063720703125 0.4720052083333333 0.123291015625
0 0.7311197916666666 0.654541015625 0.45572916666666663 0.31396484375
2 0.7332356770833333 0.8271484375 0.31803385416666663 0.02880859375
