2 0.5262044270833333 0.08740234375 0.4482421875 0.06103515625
2 0.5084635416666666 0.1485595703125 0.3743489583333333 0.063232421875
2 0.5089518229166666 0.268310546875 0.9085286458333333 0.20068359375
2 0.5105794270833333 0.40478515625 0.7548828125 0.04541015625
2 0.5060221354166666 0.4697265625 0.4912109375 0.064453125
2 0.5201822916666666 0.5889892578125 0.8893229166666666 0.165283203125
2 0.1103515625 0.7127685546875 0.158203125 0.031005859375
2 0.2708333333333333 0.8232421875 0.47916666666666663 0.169921875
2 0.74658203125 0.796630859375 0.49576822916666663 0.23193359375
2 0.232421875 0.9290771484375 0.4055989583333333 0.022216796875
