2 0.24723307291666666 0.418212890625 0.4319661458333333 0.76025390625
2 0.7000325520833333 0.101318359375 0.45279947916666663 0.14404296875
2 0.76513671875 0.248291015625 0.3343098958333333 0.08544921875
2 0.7732747395833333 0.3831787109375 0.3271484375 0.071044921875
2 0.7835286458333333 0.535888671875 0.341796875 0.08544921875
2 0.78515625 0.7027587890625 0.341796875 0.104248046875
0 0.5423177083333333 0.276611328125 0.12890625 0.1220703125
0 0.5416666666666666 0.41650390625 0.12109375 0.12646484375
0 0.5475260416666666 0.56298828125 0.13020833333333331 0.12890625
0 0.5489908854166666 0.724365234375 0.12727864583333331 0.14306640625
