2 0.3640950520833333 0.0631103515625 0.4319661458333333 0.112060546875
2 0.2412109375 0.142333984375 0.16861979166666666 0.02880859375
2 0.36328125 0.35498046875 0.427734375 0.40283203125
2 0.77685546875 0.0474853515625 0.4111328125 0.056396484375
2 0.6458333333333333 0.101318359375 0.140625 0.02880859375
2 0.7892252604166666 0.29052734375 0.4208984375 0.3564453125
2 0.6702473958333333 0.498046875 0.16276041666666666 0.0322265625
2 0.7892252604166666 0.744384765625 0.4208984375 0.447265625
0 0.28043619791666663 0.787109375 0.5517578125 0.40380859375
2 0.26871744791666663 0.6063232421875 0.16438802083333331 0.017822265625
2 0.07047526041666666 0.72998046875 0.08430989583333333 0.02099609375
2 0.25830078125 0.7322998046875 0.09342447916666666 0.014404296875
2 0.4580078125 0.7310791015625 0.11979166666666666 0.043212890625
2 0.06901041666666666 0.9730224609375 0.08723958333333333 0.041259765625
2 0.26416015625 0.9674072265625 0.09016927083333333 0.023193359375
2 0.46549479166666663 0.94970703125 0.06640625 0.01220703125
