0 0.593994140625 0.1826171875 0.3232421875 0.2884114583333333
2 0.9349365234375 0.20491536458333331 0.030029296875 0.17024739583333331
0 0.938232421875 0.09147135416666666 0.025390625 0.03255208333333333
2 0.847900390625 0.16634114583333331 0.0546875 0.22330729166666666
2 0.80029296875 0.16357421875 0.04541015625 0.22233072916666666
2 0.76123046875 0.10009765625 0.02294921875 0.09537760416666666
2 0.4140625 0.1875 0.01708984375 0.13802083333333331
2 0.21875 0.18587239583333331 0.35400390625 0.3274739583333333
2 0.5032958984375 0.5011393229166666 0.973388671875 0.31803385416666663
2 0.489013671875 0.8190104166666666 0.91552734375 0.302734375
2 0.965087890625 0.81640625 0.0234375 0.14973958333333331
