2 0.23160807291666666 0.0391845703125 0.12272135416666666 0.026611328125
0 0.10872395833333333 0.052001953125 0.11979166666666666 0.08544921875
2 0.47574869791666663 0.1307373046875 0.6969401041666666 0.045654296875
2 0.44840494791666663 0.194091796875 0.5621744791666666 0.06103515625
2 0.47135416666666663 0.24560546875 0.8391927083333333 0.064453125
2 0.46240234375 0.366455078125 0.8772786458333333 0.19091796875
2 0.4720052083333333 0.5047607421875 0.6393229166666666 0.072021484375
2 0.46988932291666663 0.5784912109375 0.6526692708333333 0.062255859375
2 0.47135416666666663 0.651123046875 0.720703125 0.07666015625
2 0.48160807291666663 0.801025390625 0.8981119791666666 0.22314453125
