2 0.26041666666666663 0.0985107421875 0.4348958333333333 0.094482421875
2 0.76953125 0.0875244140625 0.3196614583333333 0.092041015625
2 0.77099609375 0.212890625 0.3193359375 0.06982421875
2 0.7259114583333333 0.3914794921875 0.4895833333333333 0.145263671875
2 0.31363932291666663 0.2117919921875 0.3284505208333333 0.072021484375
2 0.3094075520833333 0.3565673828125 0.3108723958333333 0.082275390625
0 0.09326171875 0.2401123046875 0.1123046875 0.115478515625
0 0.09098307291666666 0.3914794921875 0.11686197916666666 0.127685546875
0 0.5533854166666666 0.1129150390625 0.12434895833333333 0.127685546875
0 0.55419921875 0.247314453125 0.12272135416666666 0.1298828125
