2 0.16357421875 0.1895751953125 0.2854817708333333 0.200927734375
2 0.15625 0.0247802734375 0.11393229166666666 0.046630859375
2 0.5201822916666666 0.0318603515625 0.32096354166666663 0.063232421875
2 0.5216471354166666 0.085693359375 0.17610677083333331 0.02001953125
2 0.52099609375 0.189453125 0.3108723958333333 0.18310546875
2 0.8375651041666666 0.2017822265625 0.28971354166666663 0.391845703125
2 0.8497721354166666 0.44970703125 0.2998046875 0.08203125
2 0.8531901041666666 0.500244140625 0.21744791666666666 0.025390625
2 0.84716796875 0.7421875 0.2972005208333333 0.45849609375
2 0.5245768229166666 0.838134765625 0.3212890625 0.14208984375
2 0.5208333333333333 0.9259033203125 0.27213541666666663 0.017822265625
2 0.5283203125 0.9486083984375 0.28385416666666663 0.023193359375
2 0.18961588541666666 0.8753662109375 0.3284505208333333 0.185302734375
