2 0.23160807291666666 0.0858154296875 0.39811197916666663 0.155517578125
2 0.21533203125 0.2838134765625 0.40397135416666663 0.245361328125
2 0.21533203125 0.499755859375 0.42154947916666663 0.1796875
2 0.19970703125 0.7716064453125 0.3935546875 0.332763671875
2 0.85302734375 0.178955078125 0.2470703125 0.15771484375
2 0.8590494791666666 0.3870849609375 0.2591145833333333 0.174072265625
2 0.857421875 0.58349609375 0.2708333333333333 0.14990234375
2 0.85986328125 0.79541015625 0.26334635416666663 0.154296875
2 0.7599283854166666 0.0701904296875 0.08430989583333333 0.026611328125
0 0.6222330729166666 0.1856689453125 0.15852864583333331 0.179931640625
0 0.6319986979166666 0.3809814453125 0.17154947916666666 0.197509765625
0 0.6251627604166666 0.5985107421875 0.18196614583333331 0.188720703125
0 0.62158203125 0.8265380859375 0.1923828125 0.205322265625
