2 0.5009765625 0.09521484375 0.62890625 0.06787109375
2 0.49951171875 0.1512451171875 0.3564453125 0.035400390625
2 0.4890950520833333 0.1978759765625 0.6376953125 0.084228515625
2 0.48404947916666663 0.3487548828125 0.9173177083333333 0.197509765625
2 0.5030924479166666 0.50244140625 0.7958984375 0.072265625
2 0.50390625 0.606201171875 0.8450520833333333 0.08203125
2 0.5076497395833333 0.7593994140625 0.9261067708333333 0.188720703125
2 0.08951822916666666 0.9036865234375 0.10221354166666666 0.042236328125
2 0.29899088541666663 0.947509765625 0.4495442708333333 0.02099609375
2 0.7596028645833333 0.91259765625 0.48014322916666663 0.10205078125
