2 0.15983072916666666 0.1396484375 0.24283854166666666 0.06103515625
2 0.15022786458333331 0.1812744140625 0.2620442708333333 0.022216796875
2 0.1435546875 0.020263671875 0.24869791666666666 0.03759765625
2 0.06966145833333333 0.2611083984375 0.12109375 0.044189453125
2 0.19694010416666666 0.4747314453125 0.384765625 0.074462890625
2 0.12141927083333333 0.5274658203125 0.22200520833333331 0.029052734375
2 0.19694010416666666 0.7572021484375 0.37890625 0.430419921875
2 0.7921549479166666 0.5374755859375 0.4150390625 0.186279296875
2 0.7021484375 0.6517333984375 0.22916666666666666 0.029052734375
2 0.8009440104166666 0.829345703125 0.3974609375 0.3330078125
2 0.8043619791666666 0.0213623046875 0.134765625 0.035400390625
0 0.8160807291666666 0.181884765625 0.318359375 0.28076171875
2 0.8605143229166666 0.3321533203125 0.18522135416666666 0.019775390625
