0 0.080078125 0.0247802734375 0.07682291666666666 0.042236328125
0 0.0771484375 0.2489013671875 0.09765625 0.057861328125
0 0.06510416666666666 0.47705078125 0.091796875 0.0810546875
0 0.0771484375 0.589111328125 0.07096354166666666 0.04541015625
0 0.40771484375 0.0919189453125 0.07845052083333333 0.058837890625
0 0.41276041666666663 0.236083984375 0.06510416666666666 0.05224609375
0 0.4091796875 0.3582763671875 0.06640625 0.050048828125
2 0.23616536458333331 0.0235595703125 0.21451822916666666 0.042236328125
2 0.1923828125 0.1240234375 0.3313802083333333 0.1630859375
2 0.22493489583333331 0.25830078125 0.21028645833333331 0.0654296875
2 0.1923828125 0.353759765625 0.3196614583333333 0.13427734375
2 0.23177083333333331 0.475341796875 0.21744791666666666 0.06201171875
2 0.12809244791666666 0.5252685546875 0.22623697916666666 0.033447265625
2 0.24202473958333331 0.5806884765625 0.23795572916666666 0.066650390625
2 0.51123046875 0.0335693359375 0.30045572916666663 0.062255859375
2 0.5594075520833333 0.1007080078125 0.2158203125 0.067626953125
2 0.51953125 0.1656494140625 0.3138020833333333 0.062255859375
2 0.5579427083333333 0.2406005859375 0.212890625 0.056396484375
2 0.5222981770833333 0.29443359375 0.3017578125 0.03759765625
2 0.55859375 0.358154296875 0.22330729166666666 0.056640625
2 0.5201822916666666 0.5107421875 0.31510416666666663 0.23974609375
2 0.8056640625 0.1795654296875 0.22330729166666666 0.047607421875
2 0.8294270833333333 0.2578125 0.2734375 0.09765625
2 0.84716796875 0.708984375 0.3030598958333333 0.529296875
