2 0.2781575520833333 0.081298828125 0.44694010416666663 0.04443359375
0 0.2908528645833333 0.2294921875 0.43326822916666663 0.234375
0 0.30338541666666663 0.4969482421875 0.4290364583333333 0.229736328125
0 0.5076497395833333 0.817138671875 0.8583984375 0.228515625
2 0.28564453125 0.3626708984375 0.23990885416666666 0.021240234375
2 0.2879231770833333 0.6368408203125 0.2412109375 0.014404296875
2 0.3056640625 0.6700439453125 0.3919270833333333 0.021240234375
2 0.52392578125 0.9346923828125 0.44694010416666663 0.015380859375
2 0.3025716145833333 0.91748046875 0.1435546875 0.02099609375
2 0.7355143229166666 0.9085693359375 0.14485677083333331 0.010009765625
2 0.7286783854166666 0.0980224609375 0.4365234375 0.075439453125
2 0.64013671875 0.15234375 0.2412109375 0.02880859375
2 0.7294921875 0.4210205078125 0.44986979166666663 0.514892578125
