2 0.4068603515625 0.7527669270833333 0.054443359375 0.4501953125
2 0.4935302734375 0.8206380208333333 0.027587890625 0.15625
2 0.450439453125 0.9178059895833333 0.0146484375 0.07259114583333333
2 0.7462158203125 0.8157552083333333 0.464599609375 0.3203125
2 0.556640625 0.4895833333333333 0.03173828125 0.14322916666666666
2 0.5081787109375 0.48697916666666663 0.061767578125 0.3157552083333333
2 0.78369140625 0.48974609375 0.41259765625 0.31022135416666663
2 0.7364501953125 0.17561848958333331 0.526611328125 0.29850260416666663
2 0.45654296875 0.15706380208333331 0.02197265625 0.1357421875
2 0.227783203125 0.17610677083333331 0.44677734375 0.29296875
0 0.196044921875 0.6611328125 0.375 0.6686197916666666
2 0.046630859375 0.8494466145833333 0.0244140625 0.15071614583333331
