2 0.17903645833333331 0.2061767578125 0.3255208333333333 0.396240234375
2 0.17464192708333331 0.7139892578125 0.3401692708333333 0.539306640625
2 0.5126953125 0.5252685546875 0.3359375 0.929931640625
0 0.17838541666666666 0.4276123046875 0.06966145833333333 0.033447265625
0 0.5157877604166666 0.040283203125 0.08430989583333333 0.03125
0 0.8605143229166666 0.797119140625 0.07259114583333333 0.0400390625
2 0.8512369791666666 0.68896484375 0.296875 0.16748046875
2 0.84765625 0.886474609375 0.3040364583333333 0.12109375
2 0.8404947916666666 0.48974609375 0.27799479166666663 0.0556640625
0 0.84619140625 0.2733154296875 0.3069661458333333 0.350830078125
2 0.8235677083333333 0.0252685546875 0.17903645833333331 0.047607421875
0 0.9404296875 0.02587890625 0.05794270833333333 0.03759765625
2 0.7361653645833333 0.528564453125 0.0458984375 0.015625
