2 0.2679036458333333 0.0264892578125 0.17447916666666666 0.030029296875
0 0.10367838541666666 0.039794921875 0.14225260416666666 0.0654296875
2 0.46630859375 0.11962890625 0.5237630208333333 0.06982421875
2 0.48307291666666663 0.187255859375 0.53125 0.056640625
2 0.47721354166666663 0.321533203125 0.8834635416666666 0.20751953125
2 0.4759114583333333 0.463134765625 0.6080729166666666 0.04443359375
2 0.4759114583333333 0.540283203125 0.640625 0.08984375
2 0.4773763020833333 0.691162109375 0.8714192708333333 0.19873046875
2 0.23763020833333331 0.8692626953125 0.45703125 0.102294921875
2 0.7169596354166666 0.862548828125 0.4658203125 0.11767578125
