2 0.11767578125 0.0379638671875 0.19694010416666666 0.046630859375
0 0.24430338541666666 0.0286865234375 0.06803385416666666 0.047607421875
2 0.21988932291666666 0.0718994140625 0.1376953125 0.025634765625
2 0.15755208333333331 0.2587890625 0.31510416666666663 0.1708984375
2 0.15315755208333331 0.37255859375 0.19694010416666666 0.01220703125
2 0.16585286458333331 0.47802734375 0.3225911458333333 0.1875
2 0.4817708333333333 0.1346435546875 0.341796875 0.257568359375
2 0.48111979166666663 0.2894287109375 0.1953125 0.023193359375
2 0.48974609375 0.4486083984375 0.3284505208333333 0.290771484375
2 0.82763671875 0.2705078125 0.3440755208333333 0.5380859375
2 0.8538411458333333 0.5675048828125 0.20703125 0.026611328125
2 0.83203125 0.7891845703125 0.3352864583333333 0.421142578125
2 0.4876302083333333 0.7864990234375 0.3359375 0.132080078125
2 0.48551432291666663 0.8802490234375 0.2041015625 0.022216796875
2 0.50390625 0.9364013671875 0.3001302083333333 0.087646484375
0 0.17317708333333331 0.8231201171875 0.34635416666666663 0.327392578125
2 0.2908528645833333 0.6317138671875 0.5458984375 0.059814453125
