2 0.3360595703125 0.40185546875 0.052978515625 0.4514973958333333
2 0.4263916015625 0.3069661458333333 0.064208984375 0.595703125
2 0.7396240234375 0.15380859375 0.443603515625 0.30045572916666663
2 0.6876220703125 0.4755859375 0.321533203125 0.31901041666666663
2 0.928466796875 0.48583984375 0.06591796875 0.31803385416666663
2 0.8714599609375 0.48095703125 0.023681640625 0.1669921875
2 0.1854248046875 0.7989908854166666 0.175048828125 0.31022135416666663
2 0.3006591796875 0.8064778645833333 0.016357421875 0.1669921875
2 0.531005859375 0.8141276041666666 0.4248046875 0.32096354166666663
2 0.7645263671875 0.8146158854166666 0.016357421875 0.1572265625
2 0.8682861328125 0.8152669270833333 0.156982421875 0.3212890625
2 0.0198974609375 0.7945963541666666 0.022705078125 0.193359375
0 0.1519775390625 0.3154296875 0.303955078125 0.630859375
