2 0.24055989583333331 0.2822265625 0.439453125 0.4970703125
2 0.09033203125 0.5601806640625 0.15071614583333331 0.034423828125
2 0.23388671875 0.703369140625 0.46451822916666663 0.23193359375
2 0.08512369791666666 0.849853515625 0.1435546875 0.025390625
2 0.23828125 0.91748046875 0.46484375 0.09423828125
2 0.7176106770833333 0.22998046875 0.4912109375 0.3994140625
2 0.775390625 0.4974365234375 0.31640625 0.079833984375
2 0.71337890625 0.630126953125 0.4794921875 0.056640625
2 0.7109375 0.695556640625 0.4720052083333333 0.05224609375
2 0.7096354166666666 0.756103515625 0.4720052083333333 0.05322265625
2 0.7140299479166666 0.817138671875 0.4658203125 0.05322265625
2 0.7111002604166666 0.8753662109375 0.4749348958333333 0.047607421875
2 0.72216796875 0.93798828125 0.45865885416666663 0.0576171875
0 0.5506184895833333 0.525146484375 0.12727864583333331 0.1220703125
2 0.5283203125 0.4498291015625 0.091796875 0.022216796875
