0 0.5021158854166666 0.2034912109375 0.9951171875 0.397216796875
2 0.17171223958333331 0.03466796875 0.20149739583333331 0.02880859375
0 0.057779947916666664 0.0330810546875 0.0263671875 0.031982421875
2 0.27897135416666663 0.459228515625 0.548828125 0.056640625
2 0.034830729166666664 0.4957275390625 0.0546875 0.010009765625
2 0.17333984375 0.681640625 0.3225911458333333 0.2685546875
2 0.17399088541666666 0.829833984375 0.28873697916666663 0.01904296875
2 0.5009765625 0.7576904296875 0.32682291666666663 0.420654296875
2 0.83056640625 0.7515869140625 0.3382161458333333 0.446044921875
2 0.173828125 0.9019775390625 0.30924479166666663 0.103271484375
