2 0.7523193359375 0.8125 0.471923828125 0.3352864583333333
2 0.835693359375 0.4658203125 0.298828125 0.3255208333333333
2 0.7579345703125 0.142578125 0.452392578125 0.27994791666666663
2 0.5894775390625 0.4658203125 0.100830078125 0.24934895833333331
2 0.6534423828125 0.4609375 0.015380859375 0.05989583333333333
2 0.0438232421875 0.18375651041666666 0.078857421875 0.21061197916666666
2 0.095947265625 0.27001953125 0.01708984375 0.05110677083333333
2 0.23876953125 0.4729817708333333 0.47216796875 0.322265625
2 0.3055419921875 0.8050130208333333 0.358154296875 0.3352864583333333
2 0.034912109375 0.7897135416666666 0.04150390625 0.17252604166666666
