2 0.44229497354497355 0.04464285714285714 0.8277116402116401 0.02232142857142857
2 0.24206349206349204 0.08519345238095237 0.40476190476190477 0.03149801587301587
2 0.2425595238095238 0.18477182539682538 0.4097222222222222 0.1121031746031746
2 0.24206349206349204 0.3107638888888889 0.40674603174603174 0.04811507936507936
2 0.24107142857142855 0.4324156746031746 0.40674603174603174 0.13219246031746032
2 0.24007936507936506 0.5497271825396826 0.40476190476190477 0.021081349206349204
2 0.23892195767195765 0.6323164682539683 0.41898148148148145 0.08705357142857142
2 0.2415674603174603 0.7898065476190476 0.4196428571428571 0.19618055555555555
2 0.689484126984127 0.8439980158730158 0.44179894179894175 0.06547619047619047
2 0.679563492063492 0.507688492063492 0.43386243386243384 0.5456349206349206
2 0.6603835978835978 0.13033234126984125 0.41005291005291 0.12921626984126983
3 0.23048941798941797 0.11669146825396824 0.21164021164021163 0.027033730158730156
3 0.24950396825396823 0.2667410714285714 0.3978174603174603 0.03844246031746031
3 0.2544642857142857 0.35317460317460314 0.1875 0.0248015873015873
3 0.24454365079365079 0.517361111111111 0.3237433862433862 0.034722222222222224
3 0.24503968253968253 0.5737847222222222 0.18055555555555555 0.027033730158730156
3 0.6714616402116401 0.21788194444444442 0.185515873015873 0.03993055555555555
3 0.6823743386243386 0.7977430555555555 0.3277116402116402 0.027033730158730156
