0 0.23214285714285712 0.6793154761904762 0.40277777777777773 0.277281746031746
0 0.6588955026455026 0.7222222222222222 0.3568121693121693 0.22470238095238093
0 0.785218253968254 0.9143105158730158 0.03009259259259259 0.021081349206349204
2 0.4409722222222222 0.05406746031746031 0.8125 0.03521825396825397
2 0.23511904761904762 0.1814236111111111 0.40476190476190477 0.22991071428571427
2 0.23346560846560846 0.4283234126984127 0.41798941798941797 0.1929563492063492
2 0.23048941798941797 0.8604910714285714 0.414021164021164 0.06076388888888889
2 0.6588955026455026 0.861235119047619 0.41898148148148145 0.044394841269841265
2 0.8382936507936507 0.9130704365079365 0.06613756613756613 0.018601190476190476
2 0.6554232804232804 0.32948908730158727 0.414021164021164 0.5200892857142857
