2 0.08548280423280423 0.12624007936507936 0.17096560846560846 0.23660714285714285
2 0.496031746031746 0.6917162698412698 0.6481481481481481 0.10962301587301587
2 0.9313822751322751 0.8973214285714285 0.028108465608465607 0.09375
2 0.8326719576719577 0.9175347222222222 0.03902116402116402 0.03695436507936508
2 0.28009259259259256 0.9239831349206349 0.04431216931216931 0.01810515873015873
2 0.06762566137566137 0.923611111111111 0.03009259259259259 0.023313492063492064
0 0.09077380952380952 0.8499503968253967 0.17625661375661375 0.23958333333333331
0 0.2867063492063492 0.863095238095238 0.2175925925925926 0.21478174603174602
0 0.570271164021164 0.863095238095238 0.3376322751322751 0.22073412698412698
0 0.8336640211640212 0.8549107142857142 0.16732804232804233 0.20436507936507936
0 0.8893849206349206 0.6842757936507936 0.1259920634920635 0.1636904761904762
0 0.4818121693121693 0.42001488095238093 0.9636243386243386 0.3509424603174603
0 0.570271164021164 0.1494295634920635 0.7886904761904762 0.29836309523809523
