0 0.20535714285714285 0.05245535714285714 0.1554232804232804 0.0954861111111111
2 0.3212632275132275 0.053323412698412696 0.08829365079365079 0.09077380952380952
0 0.5115740740740741 0.05406746031746031 0.29034391534391535 0.09375
2 0.7208994708994708 0.05257936507936507 0.1283068783068783 0.08779761904761904
0 0.8331679894179894 0.054811507936507936 0.10218253968253968 0.08630952380952381
2 0.43287037037037035 0.12326388888888888 0.6402116402116402 0.027777777777777776
2 0.4236111111111111 0.1845238095238095 0.8472222222222222 0.10515873015873015
0 0.5762235449735449 0.5406746031746031 0.21527777777777776 0.7906746031746031
2 0.1638558201058201 0.353546626984127 0.2926587301587301 0.18328373015873015
2 0.17344576719576718 0.701140873015873 0.3257275132275132 0.4548611111111111
0 0.783068783068783 0.5943700396825397 0.1845238095238095 0.6832837301587301
0 0.400297619047619 0.5928819444444444 0.14649470899470898 0.6966765873015872
