2 0.13227513227513227 0.14992559523809523 0.22552910052910052 0.1202876984126984
2 0.228505291005291 0.22805059523809523 0.4298941798941799 0.038938492063492064
2 0.40790343915343913 0.3611111111111111 0.11144179894179894 0.15773809523809523
2 0.23478835978835977 0.46664186507936506 0.46957671957671954 0.06374007936507936
2 0.22800925925925924 0.6989087301587301 0.4130291005291005 0.11359126984126984
2 0.22205687830687829 0.8116319444444444 0.4348544973544973 0.04290674603174603
2 0.359292328042328 0.9108382936507936 0.2027116402116402 0.1480654761904762
2 0.5520833333333333 0.9642857142857142 0.11937830687830688 0.026289682539682536
2 0.8067129629629629 0.9445684523809523 0.17559523809523808 0.054811507936507936
2 0.9379960317460317 0.9348958333333333 0.039351851851851846 0.1148313492063492
2 0.691468253968254 0.8660714285714285 0.4021164021164021 0.05704365079365079
2 0.6759259259259259 0.5714285714285714 0.41468253968253965 0.08878968253968253
2 0.6959325396825397 0.384796626984127 0.4368386243386243 0.2065972222222222
2 0.578207671957672 0.17249503968253968 0.22123015873015872 0.18030753968253968
2 0.7921626984126984 0.23288690476190474 0.20866402116402116 0.06547619047619047
2 0.49537037037037035 0.016741071428571428 0.9907407407407407 0.033482142857142856
0 0.3548280423280423 0.09796626984126984 0.21560846560846558 0.19543650793650794
0 0.849371693121693 0.12016369047619047 0.29067460317460314 0.1525297619047619
0 0.1714616402116402 0.3550347222222222 0.3277116402116402 0.14260912698412698
0 0.22767857142857142 0.5700644841269841 0.45535714285714285 0.12624007936507936
0 0.1283068783068783 0.9097222222222222 0.23544973544973544 0.15029761904761904
0 0.7065145502645502 0.720734126984127 0.39980158730158727 0.22916666666666666
