2 0.3492063492063492 0.1171875 0.4087301587301587 0.053323412698412696
2 0.6979166666666666 0.28931051587301587 0.226521164021164 0.40352182539682535
2 0.8743386243386243 0.4229910714285714 0.11243386243386243 0.14211309523809523
2 0.8728505291005291 0.5484871031746031 0.103505291005291 0.047371031746031744
2 0.7686838624338624 0.6707589285714285 0.3118386243386243 0.07663690476190475
2 0.7696759259259259 0.8390376984126984 0.3177910052910053 0.15773809523809523
2 0.6539351851851851 0.9657738095238094 0.09027777777777778 0.023313492063492064
2 0.4183201058201058 0.947172619047619 0.082010582010582 0.05257936507936507
0 0.2873677248677248 0.753720238095238 0.5747354497354497 0.48908730158730157
0 0.2888558201058201 0.24962797619047616 0.5777116402116402 0.49925595238095233
0 0.8753306878306878 0.2058531746031746 0.12433862433862433 0.2787698412698413
0 0.796792328042328 0.951016865079365 0.07705026455026455 0.043402777777777776
2 0.880787037037037 0.9589533730158729 0.05522486772486772 0.053323412698412696
