2 0.4409722222222222 0.06312003968253968 0.8468915343915343 0.03695436507936508
2 0.16947751322751323 0.13256448412698413 0.20138888888888887 0.037450396825396824
2 0.4419642857142857 0.24342757936507936 0.814484126984127 0.10143849206349206
2 0.4484126984126984 0.4538690476190476 0.8154761904761905 0.06696428571428571
2 0.45205026455026454 0.6511656746031745 0.8187830687830687 0.1009424603174603
0 0.4158399470899471 0.8247767857142857 0.5863095238095237 0.2631448412698413
0 0.4538690476190476 0.5455109126984127 0.46593915343915343 0.10441468253968253
0 0.457010582010582 0.36098710317460314 0.47619047619047616 0.1277281746031746
3 0.4489087301587301 0.1739831349206349 0.26157407407407407 0.035962301587301584
3 0.45899470899470896 0.11123511904761904 0.1693121693121693 0.05183531746031746
