0 0.3862433862433862 0.16604662698412698 0.7314814814814814 0.29985119047619047
2 0.5406746031746031 0.27157738095238093 0.38690476190476186 0.05257936507936507
2 0.876818783068783 0.28174603174603174 0.21726190476190474 0.4097222222222222
2 0.6479828042328042 0.4151785714285714 0.22453703703703703 0.15476190476190477
2 0.1564153439153439 0.39496527777777773 0.1593915343915344 0.1277281746031746
2 0.20337301587301587 0.7470238095238095 0.22949735449735448 0.4246031746031746
2 0.06663359788359788 0.9047619047619047 0.038029100529100524 0.08779761904761904
2 0.6028439153439153 0.798859126984127 0.5410052910052909 0.05654761904761904
2 0.8994708994708994 0.9074900793650793 0.13822751322751323 0.11408730158730158
0 0.5706018518518519 0.8942212301587301 0.4950396825396825 0.14955357142857142
0 0.6473214285714285 0.683407738095238 0.6722883597883598 0.31572420634920634
