3 0.5651455026455026 0.09238591269841269 0.47619047619047616 0.03695436507936508
3 0.5621693121693121 0.1566220238095238 0.47817460317460314 0.034474206349206345
3 0.5535714285714285 0.2269345238095238 0.453042328042328 0.03819444444444444
3 0.5315806878306878 0.2978670634920635 0.5433201058201058 0.04365079365079365
3 0.5421626984126984 0.3874007936507936 0.4917328042328042 0.04662698412698413
3 0.5747354497354497 0.5099206349206349 0.47883597883597884 0.04216269841269841
3 0.566137566137566 0.5813492063492063 0.4841269841269841 0.04365079365079365
3 0.49553571428571425 0.654141865079365 0.6054894179894179 0.043402777777777776
3 0.3923611111111111 0.7571924603174602 0.3687169312169312 0.09771825396825397
2 0.40410052910052907 0.8586309523809523 0.8082010582010581 0.10664682539682539
2 0.3091931216931217 0.6878720238095237 0.611111111111111 0.02405753968253968
2 0.2533068783068783 0.6165674603174602 0.5066137566137566 0.030257936507936505
2 0.2466931216931217 0.5482390873015873 0.4298941798941799 0.03149801587301587
2 0.38078703703703703 0.45126488095238093 0.7423941798941799 0.07068452380952381
2 0.2179232804232804 0.34263392857142855 0.3968253968253968 0.03695436507936508
2 0.24305555555555555 0.2632688492063492 0.457010582010582 0.02405753968253968
2 0.21858465608465608 0.19580853174603174 0.37367724867724866 0.019593253968253968
2 0.2349537037037037 0.12884424603174602 0.4229497354497354 0.019593253968253968
2 0.5522486772486772 0.04352678571428571 0.5059523809523809 0.02306547619047619
