2 0.5446428571428571 0.047619047619047616 0.5449735449735449 0.034722222222222224
2 0.1929563492063492 0.09164186507936507 0.3125 0.031001984126984124
2 0.15393518518518517 0.15736607142857142 0.22453703703703703 0.027033730158730156
2 0.4289021164021164 0.32948908730158727 0.7863756613756613 0.2313988095238095
2 0.4305555555555555 0.5906498015873015 0.7896825396825397 0.10739087301587301
2 0.41137566137566134 0.8277529761904762 0.11243386243386243 0.02405753968253968
2 0.29712301587301587 0.8814484126984127 0.4507275132275132 0.026289682539682536
0 0.4269179894179894 0.7240823412698413 0.5324074074074073 0.17137896825396826
3 0.421792328042328 0.49367559523809523 0.33366402116402116 0.08953373015873016
3 0.5656415343915343 0.18936011904761904 0.4851190476190476 0.045882936507936505
3 0.56630291005291 0.13194444444444445 0.45800264550264547 0.0496031746031746
