2 0.863260582010582 0.3654513888888889 0.23247354497354497 0.6207837301587301
2 0.6845238095238095 0.4542410714285714 0.11507936507936507 0.21651785714285712
2 0.3913690476190476 0.6515376984126984 0.38260582010582006 0.24404761904761904
2 0.25843253968253965 0.8675595238095237 0.19345238095238093 0.14285714285714285
2 0.03654100529100529 0.9078621031746031 0.04596560846560846 0.10590277777777778
2 0.09771825396825397 0.012524801587301586 0.04596560846560846 0.025049603174603172
0 0.5431547619047619 0.16666666666666666 0.3614417989417989 0.3333333333333333
0 0.032407407407407406 0.027529761904761904 0.06481481481481481 0.05505952380952381
0 0.1865079365079365 0.216765873015873 0.3697089947089947 0.25843253968253965
0 0.3093584656084656 0.5658482142857143 0.6187169312169312 0.4412202380952381
0 0.34375 0.8705357142857142 0.5419973544973544 0.1909722222222222
0 0.7901785714285714 0.8394097222222222 0.35284391534391535 0.3206845238095238
