0 0.6489748677248677 0.248015873015873 0.685515873015873 0.46676587301587297
0 0.05638227513227513 0.01029265873015873 0.11276455026455026 0.02058531746031746
0 0.18386243386243384 0.8608630952380952 0.1984126984126984 0.2103174603174603
0 0.6734457671957672 0.8702876984126984 0.2536375661375661 0.2232142857142857
2 0.04662698412698413 0.9171626984126984 0.052248677248677246 0.09474206349206349
2 0.3892195767195767 0.863095238095238 0.20436507936507936 0.18204365079365079
2 0.8898809523809523 0.8743799603174602 0.17923280423280422 0.1966765873015873
2 0.87880291005291 0.605282738095238 0.21329365079365079 0.23288690476190474
2 0.40476190476190477 0.671875 0.7023809523809523 0.08928571428571427
2 0.3718584656084656 0.5786210317460317 0.6160714285714285 0.07291666666666666
2 0.3968253968253968 0.5169890873015873 0.6421957671957672 0.05183531746031746
2 0.17840608465608465 0.2837301587301587 0.22718253968253968 0.40277777777777773
2 0.17344576719576718 0.015625 0.11739417989417988 0.026289682539682536
2 0.3933531746031746 0.1382688492063492 0.15046296296296297 0.13913690476190477
