0 0.8311838624338624 0.939360119047619 0.026124338624338623 0.017113095238095236
0 0.46395502645502645 0.7681051587301587 0.7843915343915343 0.22916666666666666
2 0.40426587301587297 0.9055059523809523 0.753637566137566 0.027777777777777776
2 0.8773148148148148 0.9450644841269841 0.06415343915343916 0.027033730158730156
2 0.6865079365079365 0.3839285714285714 0.4239417989417989 0.5119047619047619
2 0.6793981481481481 0.07849702380952381 0.3839285714285714 0.027033730158730156
2 0.4656084656084656 0.03856646825396825 0.8498677248677248 0.027033730158730156
2 0.24718915343915343 0.09957837301587301 0.4308862433862434 0.06770833333333333
2 0.23941798941798942 0.24007936507936506 0.43981481481481477 0.033234126984126984
2 0.24818121693121692 0.43886408730158727 0.4348544973544973 0.0339781746031746
3 0.2435515873015873 0.5523313492063492 0.43617724867724866 0.17658730158730157
3 0.24404761904761904 0.34151785714285715 0.43716931216931215 0.15029761904761904
3 0.2435515873015873 0.1773313492063492 0.43816137566137564 0.07142857142857142
3 0.6904761904761905 0.10962301587301587 0.43981481481481477 0.027777777777777776
