0 0.4465939153439153 0.16455853174603174 0.4930555555555555 0.18576388888888887
0 0.7220568783068783 0.433531746031746 0.21858465608465608 0.1810515873015873
2 0.44609788359788355 0.8619791666666666 0.6984126984126984 0.048859126984126984
2 0.3677248677248677 0.7672371031746031 0.5462962962962963 0.05629960317460317
2 0.20353835978835977 0.7026289682539683 0.32969576719576715 0.026289682539682536
2 0.34424603174603174 0.6019345238095237 0.4808201058201058 0.03373015873015873
2 0.08713624338624339 0.5338541666666666 0.05720899470899471 0.028521825396825396
2 0.337797619047619 0.45200892857142855 0.5360449735449735 0.055803571428571425
2 0.7099867724867724 0.5384424603174602 0.13425925925925924 0.030257936507936505
2 0.33482142857142855 0.37648809523809523 0.45006613756613756 0.04265873015873016
2 0.43700396825396826 0.32080853174603174 0.7423941798941799 0.05034722222222222
2 0.4429563492063492 0.27132936507936506 0.10945767195767195 0.018849206349206348
2 0.5517526455026455 0.033854166666666664 0.5089285714285714 0.05183531746031746
3 0.42443783068783064 0.41133432539682535 0.37466931216931215 0.028521825396825396
3 0.36425264550264547 0.5016121031746031 0.4269179894179894 0.055803571428571425
3 0.3578042328042328 0.5695684523809523 0.5158730158730158 0.03993055555555555
3 0.4499007936507936 0.6489335317460317 0.5181878306878307 0.07663690476190475
3 0.44791666666666663 0.7292906746031745 0.26355820105820105 0.035962301587301584
3 0.43700396825396826 0.8168402777777777 0.40773809523809523 0.05183531746031746
