2 0.45651455026455023 0.03149801587301587 0.8098544973544973 0.020337301587301584
2 0.251984126984127 0.08531746031746032 0.40674603174603174 0.04662698412698413
2 0.2509920634920635 0.25136408730158727 0.41468253968253965 0.16840277777777776
2 0.13640873015873015 0.39298115079365076 0.1875 0.011160714285714284
2 0.18088624338624337 0.4264632936507936 0.27248677248677244 0.01810515873015873
2 0.248015873015873 0.5932539682539683 0.40079365079365076 0.29910714285714285
2 0.15889550264550265 0.7627728174603174 0.24636243386243384 0.02306547619047619
2 0.24652777777777776 0.8304811507936507 0.4117063492063492 0.09102182539682539
2 0.6850198412698413 0.46354166666666663 0.44477513227513227 0.8199404761904762
3 0.23859126984126983 0.13640873015873015 0.265542328042328 0.05109126984126984
3 0.2470238095238095 0.3557787698412698 0.34854497354497355 0.035962301587301584
