0 0.19890873015873015 0.14570932539682538 0.3806216931216931 0.2487599206349206
0 0.5322420634920635 0.09933035714285714 0.5181878306878307 0.19866071428571427
0 0.8683862433862434 0.3092757936507936 0.1845238095238095 0.2405753968253968
0 0.5606812169312169 0.6204117063492063 0.7437169312169312 0.31274801587301587
0 0.1068121693121693 0.802579365079365 0.2103174603174603 0.23958333333333331
2 0.5421626984126984 0.8559027777777777 0.6504629629629629 0.12996031746031744
2 0.8968253968253967 0.8808283730158729 0.03306878306878307 0.09102182539682539
2 0.4861111111111111 0.7375992063492063 0.5522486772486772 0.05257936507936507
2 0.12979497354497355 0.6278521825396826 0.12003968253968253 0.10987103174603174
2 0.32539682539682535 0.3485863095238095 0.6507936507936507 0.15104166666666666
2 0.31977513227513227 0.23821924603174602 0.5502645502645502 0.05927579365079365
2 0.7195767195767195 0.27157738095238093 0.11309523809523808 0.14285714285714285
2 0.7782738095238095 0.01984126984126984 0.1583994708994709 0.020833333333333332
