2 0.5411706349206349 0.05022321428571428 0.5479497354497355 0.04141865079365079
2 0.4229497354497354 0.33854166666666663 0.11706349206349206 0.013392857142857142
2 0.34523809523809523 0.38851686507936506 0.6091269841269841 0.03249007936507936
2 0.4118716931216931 0.4985119047619047 0.7523148148148148 0.0992063492063492
2 0.4289021164021164 0.6199156746031745 0.7566137566137565 0.053323412698412696
2 0.41798941798941797 0.8225446428571428 0.7645502645502645 0.169890873015873
0 0.4133597883597883 0.20994543650793648 0.43915343915343913 0.23288690476190474
3 0.45800264550264547 0.4260912698412698 0.656084656084656 0.04265873015873016
3 0.5206679894179894 0.5725446428571428 0.5472883597883598 0.04290674603174603
3 0.4715608465608465 0.7015128968253967 0.6653439153439153 0.08854166666666666
