2 0.2595899470899471 0.14223710317460317 0.37566137566137564 0.02405753968253968
2 0.22619047619047616 0.24305555555555555 0.45238095238095233 0.17609126984126983
2 0.5757275132275131 0.4376240079365079 0.2242063492063492 0.3187003968253968
2 0.8187830687830687 0.464781746031746 0.2414021164021164 0.248015873015873
2 0.8206018518518519 0.28100198412698413 0.20337301587301587 0.0744047619047619
2 0.33928571428571425 0.44146825396825395 0.26256613756613756 0.21775793650793648
2 0.0927579365079365 0.5197172619047619 0.1841931216931217 0.078125
2 0.5577050264550264 0.8443700396825397 0.11408730158730158 0.11284722222222221
0 0.7294973544973544 0.12202380952380952 0.47817460317460314 0.2435515873015873
0 0.20866402116402116 0.6883680555555555 0.4173280423280423 0.24280753968253968
0 0.4942129629629629 0.8048115079365079 0.9884259259259258 0.38541666666666663
2 0.9575066137566137 0.9104662698412698 0.059854497354497355 0.09325396825396826
