3 0.42939814814814814 0.16902281746031744 0.2926587301587301 0.045882936507936505
3 0.4343584656084656 0.2550843253968254 0.2986111111111111 0.08110119047619047
3 0.43287037037037035 0.6154513888888888 0.11507936507936507 0.04290674603174603
3 0.43039021164021163 0.742063492063492 0.2542989417989418 0.05555555555555555
3 0.5796957671957672 0.8007192460317459 0.4768518518518518 0.044890873015873016
3 0.5715939153439153 0.8762400793650793 0.49900793650793646 0.04117063492063492
2 0.45453042328042326 0.9115823412698412 0.7152777777777778 0.02802579365079365
2 0.24503968253968253 0.8364335317460317 0.4351851851851852 0.031001984126984124
2 0.07308201058201058 0.773313492063492 0.0291005291005291 0.03521825396825397
2 0.4249338624338624 0.673735119047619 0.7883597883597884 0.07663690476190475
2 0.4289021164021164 0.44667658730158727 0.7585978835978836 0.28720238095238093
2 0.3411044973544973 0.20287698412698413 0.5591931216931216 0.023313492063492064
2 0.43402777777777773 0.12016369047619047 0.6603835978835978 0.05034722222222222
2 0.5517526455026455 0.060887896825396824 0.5069444444444444 0.047371031746031744
