0 0.031084656084656083 0.15215773809523808 0.05886243386243386 0.13368055555555555
0 0.5036375661375662 0.38132440476190477 0.992063492063492 0.3306051587301587
0 0.5406746031746031 0.6827876984126984 0.2427248677248677 0.1607142857142857
0 0.5396825396825397 0.7842261904761905 0.14219576719576718 0.04216269841269841
2 0.5170304232804233 0.14422123015873015 0.9348544973544973 0.13169642857142858
2 0.2189153439153439 0.6357886904761905 0.40277777777777773 0.20213293650793648
2 0.3282076719576719 0.7875744047619048 0.3449074074074074 0.0954861111111111
2 0.7716600529100529 0.8010912698412698 0.32969576719576715 0.08333333333333333
2 0.7876984126984127 0.6696428571428571 0.2857142857142857 0.17658730158730157
2 0.5522486772486772 0.8686755952380952 0.6164021164021164 0.05778769841269841
2 0.07886904761904762 0.9603174603174602 0.15773809523809523 0.0248015873015873
