2 0.42857142857142855 0.07626488095238095 0.7936507936507936 0.13665674603174602
2 0.4239417989417989 0.22569444444444442 0.8048941798941799 0.10218253968253968
2 0.44494047619047616 0.3741319444444444 0.816468253968254 0.09399801587301587
2 0.33118386243386244 0.4613095238095238 0.5413359788359788 0.021825396825396824
2 0.43700396825396826 0.6706349206349206 0.8085317460317459 0.2961309523809524
2 0.44345238095238093 0.8585069444444444 0.7374338624338624 0.022569444444444444
3 0.43303571428571425 0.8931051587301587 0.12334656084656084 0.04662698412698413
3 0.43535052910052907 0.831845238095238 0.23445767195767195 0.018849206349206348
3 0.5580357142857143 0.49627976190476186 0.5281084656084656 0.05109126984126984
3 0.5421626984126984 0.4366319444444444 0.5419973544973544 0.03695436507936508
3 0.5317460317460317 0.2986111111111111 0.5932539682539683 0.04662698412698413
3 0.5471230158730158 0.1636904761904762 0.5221560846560847 0.029265873015873016
