0 0.11921296296296295 0.12214781746031746 0.21527777777777776 0.18030753968253968
0 0.34771825396825395 0.314484126984127 0.21329365079365079 0.1636904761904762
0 0.12384259259259259 0.49826388888888884 0.22056878306878305 0.18402777777777776
0 0.34325396825396826 0.6846478174603174 0.2222222222222222 0.16294642857142858
0 0.10763888888888888 0.8706597222222222 0.16236772486772486 0.16393849206349206
0 0.8968253968253967 0.8864087301587301 0.08333333333333333 0.05853174603174603
2 0.23230820105820105 0.019717261904761904 0.4646164021164021 0.03943452380952381
2 0.6117724867724867 0.07316468253968253 0.15806878306878305 0.05257936507936507
2 0.8000992063492063 0.043154761904761904 0.1564153439153439 0.019345238095238096
2 0.7341269841269841 0.2517361111111111 0.4708994708994709 0.1780753968253968
2 0.7134589947089947 0.47681051587301587 0.40575396825396826 0.23735119047619047
2 0.6023478835978836 0.9330357142857142 0.19345238095238093 0.04216269841269841
2 0.8859126984126984 0.9420882936507936 0.10119047619047619 0.019593253968253968
2 0.12268518518518517 0.6846478174603174 0.20833333333333331 0.15848214285714285
2 0.32423941798941797 0.8694196428571428 0.2503306878306878 0.1450892857142857
2 0.33664021164021163 0.5008680555555556 0.2175925925925926 0.1728670634920635
2 0.12268518518518517 0.3156001984126984 0.20833333333333331 0.17981150793650794
2 0.3533399470899471 0.12921626984126983 0.23445767195767195 0.17509920634920634
