2 0.39732142857142855 0.05853174603174603 0.7814153439153438 0.023313492063492064
0 0.20304232804232802 0.2191220238095238 0.3948412698412698 0.2735615079365079
2 0.2114748677248677 0.5324900793650793 0.3978174603174603 0.3427579365079365
2 0.20750661375661375 0.7698412698412698 0.3839285714285714 0.10515873015873015
3 0.21742724867724866 0.8462301587301587 0.4037698412698412 0.030753968253968252
3 0.6097883597883598 0.5403025793650793 0.3849206349206349 0.029513888888888888
3 0.6053240740740741 0.43129960317460314 0.3740079365079365 0.023313492063492064
3 0.6087962962962963 0.34424603174603174 0.3829365079365079 0.0248015873015873
3 0.5942460317460317 0.248015873015873 0.3915343915343915 0.017361111111111112
3 0.5942460317460317 0.14657738095238093 0.3835978835978836 0.023313492063492064
2 0.5952380952380952 0.10404265873015872 0.3716931216931217 0.0404265873015873
2 0.5992063492063492 0.19828869047619047 0.37367724867724866 0.054811507936507936
2 0.6028439153439153 0.29675099206349204 0.39285714285714285 0.06225198412698412
2 0.6097883597883598 0.3892609126984127 0.39087301587301587 0.04141865079365079
2 0.6058201058201058 0.4879712301587301 0.38690476190476186 0.07068452380952381
2 0.6147486772486772 0.7094494047619048 0.38690476190476186 0.2864583333333333
2 0.7876984126984127 0.8751240079365079 0.056878306878306875 0.01810515873015873
0 0.7437169312169312 0.8758680555555555 0.0291005291005291 0.021081349206349204
