3 0.3683862433862434 0.3004712301587301 0.5853174603174602 0.10143849206349206
3 0.4403108465608465 0.4655257936507936 0.6273148148148148 0.10069444444444443
3 0.2881944444444444 0.8151041666666666 0.24834656084656084 0.021081349206349204
0 0.6699735449735449 0.6820436507936507 0.27843915343915343 0.20138888888888887
0 0.4193121693121693 0.13752480158730157 0.6474867724867724 0.13913690476190477
2 0.5853174603174602 0.047991071428571425 0.5462962962962963 0.05034722222222222
2 0.4444444444444444 0.21825396825396826 0.15608465608465608 0.037698412698412696
2 0.4279100529100529 0.3831845238095238 0.7843915343915343 0.07142857142857142
2 0.43551587301587297 0.5606398809523809 0.7817460317460317 0.06076388888888889
2 0.6665013227513227 0.7940228174603174 0.12334656084656084 0.021081349206349204
2 0.28009259259259256 0.6989087301587301 0.47883597883597884 0.20386904761904762
2 0.363260582010582 0.8601190476190476 0.6332671957671957 0.05853174603174603
