2 0.34672619047619047 0.14310515873015872 0.3958333333333333 0.06746031746031746
2 0.16534391534391535 0.08072916666666666 0.14748677248677247 0.01810515873015873
2 0.283068783068783 0.5523313492063492 0.4629629629629629 0.16468253968253968
2 0.37466931216931215 0.7044890873015872 0.2936507936507936 0.13665674603174602
2 0.30158730158730157 0.8296130952380952 0.4239417989417989 0.11805555555555555
2 0.7354497354497354 0.6977926587301587 0.4239417989417989 0.4193948412698412
2 0.8412698412698412 0.4640376984126984 0.2242063492063492 0.033234126984126984
2 0.11127645502645502 0.931547619047619 0.1550925925925926 0.05109126984126984
0 0.5335648148148148 0.2867063492063492 0.8859126984126984 0.3923611111111111
0 0.06051587301587301 0.13566468253968253 0.062169312169312166 0.13988095238095238
