2 0.4654431216931217 0.06374007936507936 0.8257275132275131 0.029265873015873016
2 0.6860119047619048 0.29675099206349204 0.4269179894179894 0.04141865079365079
2 0.24966931216931215 0.47792658730158727 0.43187830687830686 0.04563492063492063
2 0.24404761904761904 0.7176339285714285 0.41666666666666663 0.39012896825396826
2 0.6825396825396826 0.7924107142857142 0.4378306878306878 0.2405753968253968
2 0.8607804232804233 0.939360119047619 0.05291005291005291 0.018601190476190476
0 0.8187830687830687 0.9386160714285714 0.03505291005291005 0.018601190476190476
0 0.6759259259259259 0.49925595238095233 0.3849206349206349 0.3427579365079365
0 0.669808201058201 0.17385912698412698 0.36276455026455023 0.19543650793650794
0 0.2534722222222222 0.27021329365079366 0.3839285714285714 0.3727678571428571
