2 0.1564153439153439 0.053695436507936505 0.28174603174603174 0.035962301587301584
2 0.39533730158730157 0.1427331349206349 0.7476851851851851 0.031001984126984124
2 0.2124669312169312 0.18030753968253968 0.3978174603174603 0.021825396825396824
2 0.3587962962962963 0.2201140873015873 0.6805555555555555 0.031001984126984124
2 0.4368386243386243 0.37351190476190477 0.8386243386243386 0.23660714285714285
2 0.265542328042328 0.5094246031746031 0.5 0.017361111111111112
2 0.22056878306878305 0.6567460317460317 0.41997354497354494 0.21428571428571427
2 0.205026455026455 0.8473462301587301 0.38095238095238093 0.10987103174603174
2 0.6514550264550264 0.7124255952380952 0.416005291005291 0.33308531746031744
2 0.8363095238095237 0.9224950396825397 0.0582010582010582 0.01810515873015873
0 0.7906746031746031 0.9224950396825397 0.031084656084656083 0.019593253968253968
