0 0.44179894179894175 0.1810515873015873 0.4298941798941799 0.31200396825396826
0 0.6699735449735449 0.49441964285714285 0.45105820105820105 0.3013392857142857
0 0.3655753968253968 0.7935267857142857 0.7311507936507936 0.25917658730158727
2 0.3806216931216931 0.962673611111111 0.7612433862433862 0.053323412698412696
2 0.8773148148148148 0.9702380952380952 0.1302910052910053 0.023313492063492064
2 0.85135582010582 0.714657738095238 0.16633597883597884 0.04141865079365079
2 0.22503306878306878 0.5245535714285714 0.4368386243386243 0.23660714285714285
2 0.7746362433862434 0.2310267857142857 0.2232142857142857 0.22842261904761904
2 0.1572420634920635 0.14124503968253968 0.13921957671957672 0.08655753968253968
2 0.11772486772486772 0.2769097222222222 0.2123015873015873 0.12475198412698411
