3 0.5061177248677249 0.1773313492063492 0.6524470899470899 0.12549603174603174
3 0.5768849206349206 0.4851190476190476 0.5631613756613756 0.08878968253968253
3 0.5747354497354497 0.6274801587301587 0.4993386243386243 0.03968253968253968
3 0.6008597883597884 0.7266865079365079 0.453042328042328 0.05208333333333333
2 0.44146825396825395 0.8344494047619048 0.7757936507936507 0.16840277777777776
2 0.4444444444444444 0.6763392857142857 0.7976190476190476 0.0367063492063492
2 0.4439484126984127 0.5711805555555555 0.7582671957671957 0.06845238095238095
2 0.4333664021164021 0.37797619047619047 0.769510582010582 0.12103174603174602
2 0.43386243386243384 0.2795138888888889 0.501984126984127 0.0367063492063492
2 0.43832671957671954 0.078125 0.8217592592592592 0.07142857142857142
