2 0.41038359788359785 0.07105654761904762 0.7738095238095237 0.02554563492063492
0 0.2144510582010582 0.20709325396825395 0.3898809523809524 0.24950396825396823
0 0.6033399470899471 0.22247023809523808 0.3859126984126984 0.277281746031746
0 0.7476851851851851 0.8795882936507936 0.027116402116402115 0.02405753968253968
2 0.21643518518518517 0.43700396825396826 0.3819444444444444 0.1984126984126984
2 0.21197089947089945 0.6820436507936507 0.39285714285714285 0.20734126984126983
2 0.6157407407407407 0.6661706349206349 0.3948412698412698 0.3804563492063492
2 0.6028439153439153 0.4148065476190476 0.37896825396825395 0.0954861111111111
2 0.7827380952380952 0.8777281746031745 0.04894179894179894 0.020337301587301584
3 0.20849867724867724 0.829985119047619 0.39980158730158727 0.06324404761904762
3 0.21048280423280422 0.5556795634920635 0.3839285714285714 0.021081349206349204
