2 0.30968915343915343 0.21329365079365079 0.5062830687830687 0.17212301587301587
2 0.3158068783068783 0.4203869047619047 0.16534391534391535 0.0496031746031746
2 0.5952380952380952 0.4959077380952381 0.10317460317460317 0.047371031746031744
2 0.8296957671957671 0.22160218253968253 0.24338624338624337 0.2864583333333333
2 0.8462301587301587 0.3933531746031746 0.21825396825396826 0.05109126984126984
2 0.8773148148148148 0.4714781746031746 0.1865079365079365 0.10962301587301587
2 0.8627645502645502 0.5510912698412698 0.1593915343915344 0.04811507936507936
2 0.8277116402116401 0.669890873015873 0.22354497354497355 0.1865079365079365
2 0.798611111111111 0.8949652777777777 0.17526455026455026 0.09102182539682539
2 0.9259259259259258 0.8875248015873015 0.041005291005291 0.1029265873015873
0 0.35648148148148145 0.4800347222222222 0.7129629629629629 0.9600694444444444
