2 0.4905753968253968 0.043154761904761904 0.6974206349206349 0.0496031746031746
0 0.44146825396825395 0.2058531746031746 0.7658730158730158 0.2847222222222222
2 0.4465939153439153 0.394469246031746 0.8217592592592592 0.05629960317460317
3 0.49801587301587297 0.45275297619047616 0.6825396825396826 0.04786706349206349
3 0.6218584656084656 0.5182291666666666 0.4732142857142857 0.030009920634920632
3 0.5540674603174602 0.6256200396825397 0.5962301587301587 0.09151785714285714
3 0.5456349206349206 0.830109126984127 0.5714285714285714 0.04662698412698413
2 0.40492724867724866 0.48759920634920634 0.736441798941799 0.021825396825396824
2 0.43402777777777773 0.550719246031746 0.802579365079365 0.047371031746031744
2 0.4280753968253968 0.7368551587301587 0.7926587301587301 0.1294642857142857
2 0.4298941798941799 0.8928571428571428 0.7863756613756613 0.07291666666666666
