2 0.578207671957672 0.047371031746031744 0.46395502645502645 0.08035714285714285
2 0.1863425925925926 0.20473710317460317 0.2113095238095238 0.39360119047619047
2 0.4679232804232804 0.32353670634920634 0.30357142857142855 0.16096230158730157
2 0.72255291005291 0.34375 0.1593915343915344 0.44940476190476186
2 0.18039021164021163 0.611359126984127 0.32175925925925924 0.1636904761904762
2 0.40046296296296297 0.5771329365079365 0.12433862433862433 0.0744047619047619
2 0.26471560846560843 0.8353174603174602 0.45998677248677244 0.21478174603174602
2 0.6729497354497355 0.8747519841269841 0.27248677248677244 0.1810515873015873
0 0.6299603174603174 0.6707589285714285 0.3386243386243386 0.1624503968253968
0 0.5701058201058201 0.49379960317460314 0.17328042328042326 0.16765873015873015
0 0.35185185185185186 0.47383432539682535 0.23148148148148145 0.1202876984126984
0 0.1142526455026455 0.456969246031746 0.19543650793650794 0.09995039682539682
0 0.4690806878306878 0.19047619047619047 0.3277116402116402 0.11259920634920634
