2 0.47900132275132273 0.03521825396825397 0.8766534391534391 0.027777777777777776
2 0.25810185185185186 0.46143353174603174 0.4368386243386243 0.7929067460317459
2 0.7080026455026455 0.8649553571428571 0.44907407407407407 0.08953373015873016
2 0.7045304232804233 0.6955605158730158 0.45006613756613756 0.16691468253968253
2 0.7008928571428571 0.42013888888888884 0.4368386243386243 0.26537698412698413
2 0.6949404761904762 0.14347718253968253 0.4229497354497354 0.16294642857142858
3 0.7442129629629629 0.24900793650793648 0.36078042328042326 0.04662698412698413
3 0.7101521164021164 0.5843253968253967 0.43287037037037035 0.05853174603174603
3 0.7501653439153438 0.802579365079365 0.3726851851851852 0.030753968253968252
3 0.30522486772486773 0.8856646825396824 0.3465608465608465 0.04365079365079365
