3 0.6448412698412698 0.1277281746031746 0.5092592592592592 0.04265873015873016
3 0.6183862433862434 0.2384672619047619 0.5582010582010581 0.028521825396825396
3 0.5877976190476191 0.35280257936507936 0.5472883597883598 0.044890873015873016
3 0.5732473544973544 0.42757936507936506 0.6021825396825397 0.08035714285714285
3 0.46957671957671954 0.8131200396825397 0.5152116402116402 0.05034722222222222
2 0.46246693121693117 0.0679563492063492 0.769510582010582 0.07192460317460317
2 0.4604828042328042 0.18439980158730157 0.8277116402116401 0.07961309523809523
2 0.4644510582010582 0.2876984126984127 0.8158068783068783 0.07738095238095238
2 0.08416005291005291 0.3881448412698412 0.05522486772486772 0.04067460317460317
2 0.46395502645502645 0.5071924603174602 0.8088624338624338 0.06994047619047619
2 0.4560185185185185 0.665798611111111 0.8346560846560847 0.23090277777777776
2 0.46246693121693117 0.9045138888888888 0.7853835978835978 0.09027777777777778
