2 0.609292328042328 0.15625 0.6240079365079365 0.09077380952380952
2 0.17691798941798942 0.08519345238095237 0.17857142857142855 0.028521825396825396
0 0.07622354497354497 0.1388888888888889 0.04927248677248677 0.1240079365079365
0 0.20105820105820105 0.2103174603174603 0.20039682539682538 0.21279761904761904
0 0.3733465608465608 0.26897321428571425 0.1845238095238095 0.08804563492063491
0 0.30357142857142855 0.5347222222222222 0.15145502645502645 0.4419642857142857
0 0.17394179894179893 0.6935763888888888 0.20436507936507936 0.25471230158730157
0 0.4064153439153439 0.6489335317460317 0.05423280423280423 0.3380456349206349
0 0.3257275132275132 0.7905505952380952 0.1111111111111111 0.06225198412698412
0 0.4733796296296296 0.8071676587301587 0.10019841269841269 0.10441468253968253
0 0.46412037037037035 0.6876240079365079 0.07109788359788359 0.1376488095238095
2 0.15178571428571427 0.8303571428571428 0.14417989417989419 0.030753968253968252
2 0.13392857142857142 0.8687996031746031 0.13227513227513227 0.03224206349206349
2 0.7129629629629629 0.798859126984127 0.3505291005291005 0.08482142857142856
2 0.6919642857142857 0.7120535714285714 0.4031084656084656 0.08878968253968253
2 0.6875 0.642485119047619 0.44576719576719576 0.06374007936507936
2 0.6593915343915343 0.5463789682539683 0.4861111111111111 0.13293650793650794
2 0.6357473544973544 0.3959573412698412 0.5069444444444444 0.15699404761904762
2 0.6813822751322751 0.265625 0.4480820105820106 0.10813492063492063
