2 0.3151455026455026 0.13678075396825395 0.5410052910052909 0.10590277777777778
2 0.17129629629629628 0.30964781746031744 0.2414021164021164 0.24280753968253968
2 0.41898148148148145 0.3787202380952381 0.24338624338624337 0.3645833333333333
2 0.5806878306878307 0.642485119047619 0.11044973544973544 0.15401785714285712
2 0.41038359788359785 0.8364335317460317 0.23875661375661375 0.21999007936507936
2 0.16980820105820105 0.7860863095238095 0.2384259259259259 0.2819940476190476
0 0.16732804232804233 0.535094246031746 0.2175925925925926 0.20510912698412698
0 0.40790343915343913 0.6387648809523809 0.22519841269841268 0.15401785714285712
0 0.8439153439153438 0.872891865079365 0.16732804232804233 0.057291666666666664
2 0.8609457671957671 0.9330357142857142 0.20535714285714285 0.05704365079365079
2 0.8622685185185185 0.7729414682539683 0.16832010582010581 0.043402777777777776
2 0.8672288359788359 0.6489335317460317 0.09424603174603174 0.038938492063492064
0 0.859292328042328 0.34250992063492064 0.28075396825396826 0.6850198412698413
