2 0.07258597883597884 0.19680059523809523 0.11011904761904762 0.140625
2 0.4985119047619047 0.337797619047619 0.41898148148148145 0.09027777777777778
2 0.5636574074074073 0.4286954365079365 0.5532407407407407 0.057291666666666664
2 0.36276455026455023 0.7113095238095237 0.2175925925925926 0.462797619047619
2 0.15740740740740738 0.8244047619047619 0.17526455026455026 0.06845238095238095
2 0.5821759259259259 0.5328621031746031 0.2093253968253968 0.10441468253968253
2 0.7961309523809523 0.535094246031746 0.1841931216931217 0.11334325396825397
2 0.9184854497354497 0.8908730158730158 0.04794973544973545 0.10515873015873015
0 0.6813822751322751 0.7668650793650793 0.3898809523809524 0.3472222222222222
0 0.12301587301587301 0.5310019841269841 0.24603174603174602 0.4975198412698412
0 0.5696097883597884 0.31063988095238093 0.6372354497354497 0.06919642857142856
0 0.5112433862433862 0.16220238095238093 0.7625661375661376 0.22023809523809523
