2 0.23296957671957672 0.19047619047619047 0.15244708994708994 0.10367063492063491
2 0.35383597883597884 0.3692956349206349 0.6785714285714285 0.15773809523809523
2 0.337797619047619 0.4997519841269841 0.642526455026455 0.0818452380952381
2 0.1263227513227513 0.7566964285714285 0.22354497354497355 0.4141865079365079
2 0.35730820105820105 0.753720238095238 0.23247354497354497 0.41567460317460314
2 0.5902777777777778 0.8962053571428571 0.21957671957671956 0.12177579365079365
2 0.8407738095238094 0.7266865079365079 0.2953042328042328 0.46081349206349204
0 0.583829365079365 0.6839037698412698 0.2166005291005291 0.2864583333333333
0 0.5963955026455026 0.2769097222222222 0.6564153439153438 0.055803571428571425
0 0.5892857142857143 0.0730406746031746 0.6686507936507936 0.1460813492063492
0 0.6164021164021164 0.1956845238095238 0.6183862433862434 0.10367063492063491
