2 0.45205026455026454 0.02517361111111111 0.8809523809523809 0.022569444444444444
2 0.22800925925925924 0.2550843253968254 0.4269179894179894 0.035962301587301584
2 0.23247354497354497 0.4246031746031746 0.4358465608465608 0.18998015873015872
2 0.22552910052910052 0.8101438492063492 0.4358465608465608 0.24280753968253968
2 0.691468253968254 0.8938492063492063 0.44576719576719576 0.05406746031746031
2 0.6798941798941799 0.48053075396825395 0.45105820105820105 0.390625
1 0.6759259259259259 0.16517857142857142 0.4470899470899471 0.22470238095238093
1 0.22255291005291003 0.14000496031746032 0.4219576719576719 0.17435515873015872
1 0.22205687830687829 0.603546626984127 0.4308862433862434 0.15104166666666666
0 0.6929563492063492 0.773313492063492 0.44675925925925924 0.1736111111111111
3 0.25810185185185186 0.30171130952380953 0.36078042328042326 0.043402777777777776
