0 0.07457010582010581 0.09734623015873016 0.040013227513227514 0.12624007936507936
0 0.5362103174603174 0.4091021825396825 0.267526455026455 0.22842261904761904
2 0.4905753968253968 0.09126984126984126 0.771494708994709 0.1185515873015873
2 0.32969576719576715 0.23363095238095236 0.43386243386243384 0.1284722222222222
2 0.7466931216931216 0.21899801587301587 0.4378306878306878 0.11557539682539682
2 0.8131613756613756 0.38876488095238093 0.27645502645502645 0.22395833333333331
2 0.8146494708994708 0.5208333333333333 0.2595899470899471 0.026289682539682536
2 0.7521494708994708 0.5639880952380952 0.41898148148148145 0.06299603174603174
2 0.7455357142857142 0.7270585317460317 0.40773809523809523 0.24330357142857142
2 0.26455026455026454 0.3794642857142857 0.24933862433862433 0.15873015873015872
2 0.2716600529100529 0.49441964285714285 0.27149470899470896 0.054811507936507936
2 0.3412698412698413 0.5797371031746031 0.38690476190476186 0.09300595238095237
2 0.337797619047619 0.6793154761904762 0.38789682539682535 0.08482142857142856
2 0.3363095238095238 0.7803819444444444 0.38095238095238093 0.11433531746031746
2 0.11127645502645502 0.8665674603174602 0.1531084656084656 0.030753968253968252
