2 0.46412037037037035 0.10627480158730158 0.720568783068783 0.11284722222222221
2 0.3005952380952381 0.26264880952380953 0.41997354497354494 0.15922619047619047
2 0.2331349206349206 0.48660714285714285 0.2685185185185185 0.29166666666666663
2 0.23115079365079363 0.6568700396825397 0.26455026455026454 0.04290674603174603
2 0.30026455026455023 0.7037450396825397 0.39087301587301587 0.06175595238095238
2 0.2951388888888889 0.8007192460317459 0.41104497354497355 0.13665674603174602
2 0.13177910052910052 0.8882688492063492 0.14847883597883596 0.02802579365079365
2 0.7430555555555555 0.2310267857142857 0.43716931216931215 0.10540674603174603
2 0.7466931216931216 0.3159722222222222 0.43187830687830686 0.039186507936507936
2 0.8262235449735449 0.41294642857142855 0.28869047619047616 0.15476190476190477
2 0.8242394179894179 0.589905753968254 0.30456349206349204 0.19320436507936506
2 0.7385912698412698 0.7074652777777778 0.43816137566137564 0.06919642857142856
2 0.7405753968253967 0.8127480158730158 0.4236111111111111 0.16964285714285712
0 0.515707671957672 0.5027281746031745 0.29067460317460314 0.32837301587301587
0 0.072255291005291 0.10887896825396824 0.05324074074074074 0.1284722222222222
