0 0.4409722222222222 0.39186507936507936 0.4117063492063492 0.16666666666666666
0 0.1185515873015873 0.3370535714285714 0.2371031746031746 0.09027777777777778
0 0.3273809523809524 0.15500992063492064 0.6547619047619048 0.3100198412698413
0 0.4239417989417989 0.6214037698412698 0.8207671957671957 0.09995039682539682
0 0.7260251322751322 0.6977926587301587 0.5472883597883598 0.07068452380952381
0 0.7825727513227513 0.8855406746031745 0.20535714285714285 0.22842261904761904
0 0.1263227513227513 0.9243551587301587 0.18121693121693122 0.1240079365079365
2 0.12136243386243385 0.777405753968254 0.17526455026455026 0.16691468253968253
2 0.3212632275132275 0.8262648809523809 0.22056878306878305 0.2943948412698413
2 0.5462962962962963 0.8634672619047619 0.22552910052910052 0.2353670634920635
2 0.9189814814814814 0.9221230158730158 0.021164021164021163 0.09226190476190475
2 0.48363095238095233 0.5489831349206349 0.5611772486772486 0.07514880952380952
2 0.11243386243386243 0.4351438492063492 0.22486772486772486 0.09697420634920634
2 0.7757936507936507 0.26376488095238093 0.23148148148148145 0.453125
