2 0.1779100529100529 0.022073412698412696 0.12037037037037036 0.016369047619047616
2 0.27562830687830686 0.22123015873015872 0.4176587301587301 0.0496031746031746
2 0.17840608465608465 0.3524305555555555 0.21329365079365079 0.20982142857142855
2 0.39831349206349204 0.35726686507936506 0.21858465608465608 0.22098214285714285
2 0.5992063492063492 0.4114583333333333 0.17526455026455026 0.09325396825396826
2 0.6860119047619048 0.5721726190476191 0.3548280423280423 0.05257936507936507
2 0.41650132275132273 0.6824156746031745 0.1564153439153439 0.08804563492063491
2 0.6127645502645502 0.6691468253968254 0.21825396825396826 0.13839285714285712
2 0.8387896825396824 0.7728174603174602 0.21329365079365079 0.3427579365079365
2 0.04265873015873016 0.882688492063492 0.052248677248677246 0.10813492063492063
0 0.29464285714285715 0.7213541666666666 0.4378306878306878 0.44866071428571425
0 0.6122685185185185 0.8408978174603174 0.2093253968253968 0.19766865079365079
0 0.6078042328042328 0.2829861111111111 0.19047619047619047 0.1532738095238095
0 0.8326719576719577 0.40500992063492064 0.24537037037037035 0.11805555555555555
0 0.7721560846560847 0.1532738095238095 0.27645502645502645 0.2232142857142857
0 0.3792989417989418 0.11458333333333333 0.5972222222222222 0.14732142857142858
0 0.05489417989417989 0.027281746031746032 0.10978835978835978 0.0496031746031746
