0 0.6754298941798942 0.16827876984126983 0.4236111111111111 0.3206845238095238
0 0.5436507936507936 0.0798611111111111 0.7235449735449735 0.0992063492063492
2 0.38690476190476186 0.15203373015873015 0.7585978835978836 0.05406746031746031
2 0.22949735449735448 0.26116071428571425 0.4437830687830688 0.1532738095238095
2 0.6959325396825397 0.2306547619047619 0.28273809523809523 0.07738095238095238
2 0.8057208994708994 0.513640873015873 0.18353174603174602 0.25396825396825395
0 0.5816798941798942 0.503844246031746 0.2546296296296296 0.2735615079365079
0 0.21527777777777776 0.43886408730158727 0.4305555555555555 0.14657738095238093
0 0.30522486772486773 0.810515873015873 0.5429894179894179 0.2628968253968254
0 0.7827380952380952 0.8549107142857142 0.16732804232804233 0.14434523809523808
2 0.7099867724867724 0.7232142857142857 0.25066137566137564 0.10367063492063491
2 0.216765873015873 0.5806051587301587 0.433531746031746 0.15029761904761904
2 0.6241732804232804 0.9224950396825397 0.06514550264550265 0.01810515873015873
