2 0.5461309523809523 0.04389880952380952 0.5419973544973544 0.030257936507936505
2 0.4480820105820106 0.49032738095238093 0.7645502645502645 0.14285714285714285
2 0.34226190476190477 0.6015625 0.531084656084656 0.07217261904761904
3 0.39186507936507936 0.6578621031746031 0.4378306878306878 0.03298611111111111
3 0.4444444444444444 0.7192460317460317 0.3386243386243386 0.026289682539682536
2 0.1046626984126984 0.6959325396825397 0.09821428571428571 0.027777777777777776
2 0.33812830687830686 0.7681051587301587 0.5572089947089947 0.08333333333333333
2 0.44907407407407407 0.861235119047619 0.7705026455026455 0.11334325396825397
2 0.7195767195767195 0.7803819444444444 0.08928571428571427 0.01810515873015873
2 0.439318783068783 0.38244047619047616 0.10416666666666666 0.0248015873015873
0 0.7220568783068783 0.6583581349206349 0.2146164021164021 0.19469246031746032
0 0.42741402116402116 0.216765873015873 0.6154100529100529 0.29464285714285715
