3 0.6904761904761905 0.6752232142857143 0.42592592592592593 0.0404265873015873
3 0.6473214285714285 0.8581349206349206 0.32969576719576715 0.06994047619047619
1 0.6860119047619048 0.13777281746031744 0.4249338624338624 0.17435515873015872
2 0.45552248677248675 0.029265873015873016 0.8336640211640212 0.027777777777777776
2 0.25066137566137564 0.4696180555555555 0.43187830687830686 0.8410218253968254
2 0.6909722222222222 0.33816964285714285 0.4229497354497354 0.18427579365079363
2 0.689484126984127 0.5567956349206349 0.42592592592592593 0.17956349206349206
2 0.6924603174603174 0.7575644841269841 0.4298941798941799 0.09697420634920634
2 0.8802910052910052 0.9066220238095237 0.062169312169312166 0.019593253968253968
0 0.8341600529100529 0.9095982142857142 0.02414021164021164 0.021081349206349204
