0 0.8637566137566137 0.41666666666666663 0.2175925925925926 0.5248015873015873
0 0.8412698412698412 0.720610119047619 0.27645502645502645 0.10739087301587301
0 0.39384920634920634 0.45002480158730157 0.3134920634920635 0.29389880952380953
0 0.8227513227513227 0.08928571428571427 0.35383597883597884 0.11954365079365079
0 0.37979497354497355 0.8642113095238094 0.6160714285714285 0.2065972222222222
2 0.9017857142857142 0.8134920634920635 0.16534391534391535 0.0798611111111111
2 0.34672619047619047 0.06944444444444445 0.5982142857142857 0.10962301587301587
2 0.226521164021164 0.21378968253968253 0.3498677248677248 0.16220238095238093
2 0.581845238095238 0.20994543650793648 0.35284391534391535 0.15947420634920634
2 0.6507936507936507 0.4314236111111111 0.19246031746031744 0.29389880952380953
2 0.16683201058201058 0.44494047619047616 0.2166005291005291 0.31646825396825395
2 0.24107142857142855 0.6703869047619048 0.3326719576719577 0.16319444444444445
2 0.5631613756613756 0.6729910714285714 0.30158730158730157 0.1654265873015873
