0 0.27215608465608465 0.17013888888888887 0.32076719576719576 0.29464285714285715
0 0.7220568783068783 0.46850198412698413 0.228505291005291 0.08878968253968253
0 0.09722222222222221 0.6564980158730158 0.1931216931216931 0.19543650793650794
0 0.22817460317460317 0.8649553571428571 0.45634920634920634 0.1827876984126984
2 0.3118386243386243 0.6470734126984127 0.23148148148148145 0.17658730158730157
2 0.10367063492063491 0.8660714285714285 0.1822089947089947 0.13392857142857142
2 0.38244047619047616 0.8288690476190476 0.09623015873015872 0.09077380952380952
2 0.7210648148148148 0.5569196428571428 0.4229497354497354 0.047371031746031744
2 0.7146164021164021 0.30022321428571425 0.41997354497354494 0.18328373015873015
2 0.06266534391534391 0.20548115079365079 0.11805555555555555 0.13219246031746032
2 0.23032407407407407 0.4227430555555555 0.46064814814814814 0.21800595238095236
