2 0.566137566137566 0.054811507936507936 0.5443121693121693 0.04117063492063492
2 0.44146825396825395 0.15959821428571427 0.8174603174603174 0.1624503968253968
2 0.2996031746031746 0.2978670634920635 0.5178571428571428 0.037698412698412696
2 0.42245370370370366 0.37760416666666663 0.7417328042328042 0.06770833333333333
2 0.1994047619047619 0.48053075396825395 0.2777777777777778 0.034474206349206345
2 0.31729497354497355 0.5474950396825397 0.5552248677248677 0.03298611111111111
2 0.07721560846560846 0.6166914682539683 0.059193121693121686 0.022569444444444444
2 0.4499007936507936 0.7202380952380952 0.7886904761904762 0.0992063492063492
2 0.4368386243386243 0.8375496031746031 0.7705026455026455 0.025793650793650792
2 0.4489087301587301 0.8964533730158729 0.7946428571428571 0.05034722222222222
3 0.5185185185185185 0.7973710317460317 0.6071428571428571 0.04117063492063492
3 0.5515873015873015 0.6535218253968254 0.533068783068783 0.04662698412698413
3 0.4365079365079365 0.5843253968253967 0.32076719576719576 0.04513888888888889
3 0.5325727513227513 0.5069444444444444 0.5730820105820106 0.04513888888888889
3 0.5626653439153438 0.4460565476190476 0.5049603174603174 0.06473214285714285
3 0.5777116402116402 0.3272569444444444 0.4669312169312169 0.03149801587301587
3 0.4429563492063492 0.25049603174603174 0.5942460317460317 0.05257936507936507
