2 0.4980769230769231 0.0690351711026616 0.20256410256410257 0.02067490494296578
2 0.8447115384615385 0.0724809885931559 0.03685897435897436 0.016634980988593156
2 0.3059294871794872 0.1088403041825095 0.3278846153846154 0.02899239543726236
2 0.5100961538461538 0.17038973384030418 0.7791666666666667 0.10646387832699619
0 0.2421474358974359 0.3204610266159696 0.253525641025641 0.1913022813688213
0 0.4969551282051282 0.32461977186311786 0.2516025641025641 0.19011406844106463
0 0.7511217948717949 0.3262832699619772 0.2528846153846154 0.19296577946768062
2 0.5224358974358975 0.45651140684410646 0.7192307692307692 0.04134980988593156
2 0.2983974358974359 0.5068916349809885 0.316025641025641 0.024714828897338403
2 0.4947115384615385 0.5695104562737643 0.7727564102564103 0.10194866920152092
2 0.13076923076923078 0.8475522813688213 0.05512820512820513 0.019724334600760455
2 0.5219551282051282 0.8678707224334601 0.7278846153846154 0.05846007604562738
2 0.13862179487179488 0.4454610266159696 0.04583333333333333 0.015922053231939164
0 0.23573717948717948 0.7214828897338403 0.253525641025641 0.18916349809885932
0 0.48846153846153845 0.721601711026616 0.24935897435897436 0.19082699619771862
0 0.7463141025641026 0.7248098859315589 0.2586538461538462 0.19486692015209126
