2 0.4967948717948718 0.08234315589353612 0.20448717948717948 0.030180608365019013
2 0.8333333333333334 0.0841254752851711 0.057692307692307696 0.026615969581749048
2 0.50625 0.1373574144486692 0.7625 0.06273764258555133
0 0.36778846153846156 0.27685361216730037 0.29455128205128206 0.2105513307984791
0 0.6657051282051282 0.27721007604562736 0.2948717948717949 0.21269011406844107
0 0.36939102564102566 0.48799904942965777 0.29967948717948717 0.21696768060836502
0 0.6666666666666666 0.48894961977186313 0.2955128205128205 0.21364068441064638
2 0.5014423076923077 0.6183460076045627 0.7759615384615385 0.03897338403041825
2 0.49935897435897436 0.8892585551330798 0.7935897435897435 0.04277566539923954
0 0.36506410256410254 0.7551093155893536 0.3006410256410256 0.21744296577946767
0 0.6682692307692307 0.754634030418251 0.30448717948717946 0.22267110266159695
