2 0.496474358974359 0.0741444866920152 0.2653846153846154 0.02328897338403042
2 0.8269230769230769 0.07497623574144487 0.03717948717948718 0.01449619771863118
2 0.5044871794871795 0.24976235741444866 0.717948717948718 0.3179657794676806
2 0.34807692307692306 0.5557271863117871 0.3891025641025641 0.01497148288973384
2 0.38621794871794873 0.6122861216730038 0.4032051282051282 0.01449619771863118
2 0.21939102564102564 0.6358127376425855 0.1362179487179487 0.02067490494296578
2 0.3857371794871795 0.7254039923954373 0.40544871794871795 0.12856463878326996
2 0.5149038461538461 0.8095294676806084 0.7259615384615384 0.046815589353612165
0 0.7331730769230769 0.6766872623574145 0.2849358974358974 0.20936311787072243
2 0.38509615384615387 0.4303707224334601 0.46762820512820513 0.03897338403041825
2 0.3280448717948718 0.49643536121673004 0.23301282051282052 0.019961977186311788
2 0.4947115384615385 0.5250712927756654 0.6240384615384615 0.03968631178707224
3 0.49166666666666664 0.466611216730038 0.1794871794871795 0.039211026615969584
