2 0.4658653846153846 0.05679657794676806 0.2669871794871795 0.02614068441064639
2 0.17884615384615385 0.08198669201520913 0.11153846153846154 0.016159695817490494
2 0.45 0.18987642585551331 0.5967948717948718 0.09505703422053231
3 0.46057692307692305 0.12404942965779468 0.25064102564102564 0.0594106463878327
2 0.8 0.058222433460076044 0.046794871794871795 0.01188212927756654
2 0.39134615384615384 0.2971720532319392 0.55 0.11097908745247148
2 0.28397435897435896 0.41789448669201523 0.2724358974358974 0.1342680608365019
2 0.3858974358974359 0.5244771863117871 0.525 0.0803231939163498
2 0.3955128205128205 0.6149001901140685 0.5692307692307692 0.09386882129277567
2 0.35544871794871796 0.6700332699619772 0.5044871794871795 0.022576045627376425
2 0.47483974358974357 0.7646150190114068 0.7483974358974359 0.023051330798479087
2 0.17548076923076922 0.7862404942965779 0.1503205128205128 0.025903041825095056
3 0.46073717948717946 0.714828897338403 0.40544871794871795 0.07699619771863118
3 0.4621794871794872 0.8297290874524714 0.19487179487179487 0.08436311787072243
