2 0.48044871794871796 0.08341254752851711 0.2 0.02709125475285171
2 0.4894230769230769 0.12416825095057034 0.7602564102564102 0.04443916349809886
2 0.8272435897435897 0.07616444866920152 0.04358974358974359 0.018773764258555134
0 0.5014423076923077 0.2874287072243346 0.5400641025641025 0.28730988593155893
0 0.49727564102564104 0.48894961977186313 0.4182692307692308 0.11192965779467681
2 0.4830128205128205 0.561074144486692 0.5948717948717949 0.026615969581749048
2 0.30673076923076925 0.6063450570342205 0.31666666666666665 0.02400190114068441
2 0.49615384615384617 0.652328897338403 0.7814102564102564 0.0679657794676806
2 0.49935897435897436 0.7015209125475285 0.782051282051282 0.04515209125475285
3 0.48493589743589743 0.751425855513308 0.16025641025641027 0.07224334600760456
2 0.8588141025641025 0.7529705323193916 0.04583333333333333 0.021625475285171104
2 0.7665064102564103 0.8361454372623575 0.21570512820512822 0.037309885931558935
2 0.5121794871794871 0.8918726235741444 0.7852564102564102 0.049429657794676805
2 0.383974358974359 0.8381653992395437 0.5403846153846154 0.06416349809885931
2 0.4985576923076923 0.7965779467680608 0.7766025641025641 0.02138783269961977
