2 0.5019230769230769 0.051924904942965776 0.1737179487179487 0.014020912547528517
2 0.8479166666666667 0.05049904942965779 0.03942307692307692 0.015446768060836502
2 0.397275641025641 0.08614543726235742 0.5394230769230769 0.018298479087452472
3 0.4985576923076923 0.10325570342205323 0.1951923076923077 0.017347908745247147
2 0.8544871794871794 0.09909695817490494 0.06025641025641026 0.016159695817490494
2 0.5080128205128205 0.15922053231939162 0.7628205128205128 0.09838403041825095
2 0.5113782051282051 0.26128802281368824 0.7657051282051281 0.09862167300380228
2 0.5126602564102564 0.3413735741444867 0.7721153846153846 0.06012357414448669
3 0.4963141025641026 0.39306083650190116 0.21506410256410258 0.04182509505703422
2 0.8661858974358975 0.3990019011406844 0.061217948717948716 0.016159695817490494
2 0.5084935897435897 0.4541349809885932 0.7862179487179487 0.07747148288973384
3 0.49391025641025643 0.5160408745247148 0.21217948717948718 0.03635931558935361
2 0.8690705128205128 0.5241207224334601 0.06314102564102564 0.017347908745247147
2 0.5089743589743589 0.563925855513308 0.7871794871794872 0.06226235741444867
2 0.5137820512820512 0.6517347908745247 0.7948717948717948 0.10765209125475285
2 0.7899038461538461 0.6557747148288974 0.22916666666666666 0.055846007604562736
0 0.5145833333333333 0.7655655893536122 0.7701923076923077 0.11050380228136882
2 0.1362179487179487 0.8389971482889734 0.058333333333333334 0.014020912547528517
2 0.5439102564102564 0.8577709125475285 0.7493589743589744 0.05442015209125475
