2 0.44166666666666665 0.09101711026615969 0.25448717948717947 0.02614068441064639
2 0.22371794871794873 0.12761406844106463 0.20961538461538462 0.021863117870722433
2 0.46634615384615385 0.15042775665399238 0.6788461538461539 0.024714828897338403
3 0.4360576923076923 0.18500475285171103 0.19775641025641025 0.04729087452471483
2 0.4512820512820513 0.22576045627376426 0.7121794871794872 0.045627376425855515
3 0.4387820512820513 0.2745960076045627 0.18461538461538463 0.055846007604562736
2 0.4581730769230769 0.3288973384030418 0.7041666666666667 0.057034220532319393
2 0.46490384615384617 0.3849809885931559 0.7310897435897435 0.05988593155893536
2 0.1203525641025641 0.4473621673003802 0.05096153846153846 0.013070342205323195
2 0.7647435897435897 0.09137357414448669 0.04038461538461539 0.01782319391634981
2 0.7740384615384616 0.2722195817490494 0.05961538461538462 0.016872623574144485
3 0.444551282051282 0.42728136882129275 0.14935897435897436 0.028517110266159697
3 0.43830128205128205 0.467324144486692 0.22532051282051282 0.0401615969581749
3 0.4403846153846154 0.504634030418251 0.22884615384615384 0.036834600760456276
2 0.4583333333333333 0.5480038022813688 0.7141025641025641 0.06226235741444867
0 0.20737179487179488 0.6435361216730038 0.19230769230769232 0.1188212927756654
0 0.2091346153846154 0.7721007604562737 0.19775641025641025 0.12404942965779468
0 0.45737179487179486 0.6399714828897338 0.20064102564102565 0.11596958174904944
0 0.45881410256410254 0.7668726235741444 0.20544871794871794 0.11929657794676805
0 0.7028846153846153 0.6412785171102662 0.20705128205128204 0.11478136882129278
0 0.7057692307692308 0.7648526615969582 0.20384615384615384 0.12238593155893536
2 0.45625 0.8610979087452472 0.15544871794871795 0.021625475285171104
