2 0.46298076923076925 0.11478136882129278 0.18557692307692308 0.019011406844106463
2 0.7866987179487179 0.11086026615969581 0.0375 0.012595057034220532
2 0.430448717948718 0.14246673003802282 0.5583333333333333 0.02115019011406844
2 0.4690705128205128 0.20876901140684412 0.7035256410256411 0.11145437262357415
2 0.4668269230769231 0.2781606463878327 0.7022435897435897 0.025903041825095056
2 0.18669871794871795 0.2970532319391635 0.06314102564102564 0.02043726235741445
2 0.35336538461538464 0.37761406844106465 0.49006410256410254 0.14020912547528516
0 0.7129807692307693 0.3722671102661597 0.23301282051282052 0.16611216730038023
2 0.47291666666666665 0.4847908745247148 0.7182692307692308 0.07842205323193917
2 0.31650641025641024 0.5311311787072244 0.4016025641025641 0.022338403041825095
2 0.1737179487179487 0.5540636882129277 0.13076923076923078 0.025427756653992394
3 0.4584935897435897 0.5756891634980988 0.26506410256410257 0.033507604562737645
2 0.4480769230769231 0.6097908745247148 0.5923076923076923 0.05608365019011407
2 0.48221153846153847 0.6911834600760456 0.7522435897435897 0.10527566539923955
