2 0.5227944280287041 0.0908226343319068 0.13803292528493036 0.016642891107941038
2 0.23406500633178556 0.1525202092249168 0.25707049387927394 0.03209700427960057
2 0.519839594765724 0.14170233000475513 0.27142254115660613 0.02757964812173086
2 0.7948501477416631 0.1367094626723728 0.23385394681300126 0.029481692819781267
0 0.5259603208104685 0.21409890632429862 0.2904178978471929 0.11008083689966715
0 0.8035035880118193 0.21005706134094151 0.2452511608273533 0.11293390394674276
0 0.24335162515829464 0.2719923918212078 0.27817644575770367 0.20542082738944367
0 0.5548754748839172 0.501545411317166 0.279864921907978 0.0877318116975749
0 0.8351625158294639 0.5146219686162625 0.25116082735331363 0.10485021398002853
2 0.26403545799915573 0.44436519258202567 0.27057830308146896 0.12173086067522587
2 0.5451667370198395 0.3353542558250119 0.28661882650907555 0.12244412743699477
2 0.8163782186576615 0.33737517831669045 0.25580413676656816 0.1326676176890157
2 0.5536091177712115 0.4377080361388493 0.28070915998311524 0.030908226343319068
2 0.7849303503588011 0.4476937708036139 0.15913887716336006 0.02567760342368046
2 0.2625580413676657 0.537208749405611 0.23300970873786406 0.014503090822634332
0 0.27944280287040946 0.6050879695672848 0.27015618404390035 0.11222063718497385
2 0.28767412410299703 0.7282453637660485 0.2655128746306458 0.11935330480266286
2 0.2089489235964542 0.8088445078459344 0.09371042634022794 0.01283880171184023
2 0.5685943436048966 0.6710651450309082 0.29210637399746725 0.23704232049453164
2 0.8547910510764035 0.6765335235378032 0.2710004221190376 0.20898716119828817
