2 0.4671474358974359 0.15862642585551331 0.3073717948717949 0.028754752851711026
2 0.6256410256410256 0.2263545627376426 0.49615384615384617 0.037785171102661594
2 0.5934294871794872 0.281606463878327 0.5657051282051282 0.03849809885931559
2 0.7368589743589744 0.3265209125475285 0.2794871794871795 0.02043726235741445
0 0.2282051282051282 0.1115731939163498 0.10256410256410256 0.1960551330798479
0 0.11378205128205128 0.09933460076045628 0.1 0.06939163498098859
0 0.3456730769230769 0.0975522813688213 0.10544871794871795 0.07390684410646388
0 0.4544871794871795 0.09695817490494296 0.10833333333333334 0.07699619771863118
0 0.5682692307692307 0.09517585551330798 0.10576923076923077 0.07343155893536121
0 0.6858974358974359 0.09541349809885931 0.10192307692307692 0.07533269961977186
2 0.09487179487179487 0.3599096958174905 0.04551282051282051 0.021625475285171104
2 0.4701923076923077 0.45769961977186313 0.8051282051282052 0.13403041825095058
2 0.12451923076923077 0.5616682509505704 0.10480769230769231 0.02067490494296578
2 0.41778846153846155 0.7066302281368821 0.6304487179487179 0.22457224334600762
2 0.13141025641025642 0.8515922053231939 0.1064102564102564 0.023051330798479087
2 0.4894230769230769 0.8948431558935361 0.767948717948718 0.030180608365019013
