2 0.5169871794871795 0.05525190114068441 0.16025641025641027 0.013070342205323195
2 0.8573717948717948 0.05798479087452472 0.03974358974358974 0.013307984790874524
2 0.521474358974359 0.10123574144486693 0.7435897435897436 0.03897338403041825
2 0.51875 0.17740019011406843 0.7548076923076923 0.04491444866920152
2 0.3516025641025641 0.23336501901140685 0.3384615384615385 0.01806083650190114
2 0.5192307692307693 0.3148764258555133 0.7615384615384615 0.08507604562737643
3 0.503525641025641 0.2590304182509506 0.1814102564102564 0.025190114068441065
3 0.5072115384615384 0.21102661596958175 0.14647435897435898 0.019486692015209126
2 0.8735576923076923 0.13854562737642587 0.052884615384615384 0.019961977186311788
2 0.8740384615384615 0.21209600760456274 0.051923076923076926 0.016872623574144485
2 0.8730769230769231 0.2586739543726236 0.04935897435897436 0.018773764258555134
0 0.5169871794871795 0.53481463878327 0.5307692307692308 0.34006653992395436
2 0.5176282051282052 0.7306321292775665 0.7833333333333333 0.046815589353612165
2 0.5209935897435898 0.8237880228136882 0.8028846153846154 0.12856463878326996
