2 0.41114394259181086 0.18243626062322946 0.6821443647108484 0.035694050991501414
2 0.3281975517095821 0.2140226628895184 0.5230054875474883 0.024079320113314446
2 0.49493457154917686 0.32592067988668555 0.8649219079780498 0.13229461756373936
2 0.5928661882650907 0.4192634560906515 0.18108906711692696 0.018130311614730877
2 0.2176023638666104 0.6611898016997166 0.18193330519206416 0.020963172804532578
2 0.6745462220346138 0.5956090651558074 0.3571127057830308 0.32436260623229457
2 0.29674968341072183 0.7633144475920679 0.35204727733220764 0.18045325779036825
2 0.09962009286618827 0.9291784702549575 0.10468552131701139 0.011898016997167138
0 0.7593921485859012 0.85 0.44913465597298435 0.15779036827195467
0 0.26445757703672435 0.5237960339943343 0.4166314900802026 0.23626062322946173
2 0.11544955677501055 0.06841359773371104 0.0890671169269734 0.014447592067988667
