2 0.47259615384615383 0.07877851711026616 0.21378205128205127 0.02400190114068441
2 0.47147435897435896 0.13165399239543726 0.7756410256410257 0.06368821292775666
2 0.8232371794871794 0.07699619771863118 0.04262820512820513 0.013307984790874524
3 0.46314102564102566 0.17704372623574144 0.2743589743589744 0.025665399239543727
2 0.8360576923076923 0.17419201520912547 0.05096153846153846 0.016159695817490494
2 0.4753205128205128 0.27031844106463876 0.7782051282051282 0.1651615969581749
2 0.47644230769230766 0.3763070342205323 0.7644230769230769 0.0439638783269962
3 0.49951923076923077 0.41920152091254753 0.21506410256410258 0.03944866920152091
2 0.8360576923076923 0.4142110266159696 0.052884615384615384 0.02091254752851711
2 0.47451923076923075 0.4686311787072243 0.7778846153846154 0.06131178707224334
2 0.21137820512820513 0.5163973384030418 0.1798076923076923 0.016159695817490494
2 0.47451923076923075 0.5952946768060836 0.7721153846153846 0.1411596958174905
0 0.3423076923076923 0.7644961977186312 0.24807692307692308 0.17633079847908745
0 0.6237179487179487 0.7628326996197718 0.2455128205128205 0.18250950570342206
2 0.4737179487179487 0.8691777566539924 0.708974358974359 0.019724334600760455
