2 0.5052787162162162 0.07081749049429657 0.3289695945945946 0.013307984790874524
0 0.7005912162162162 0.15708174904942965 0.30912162162162166 0.14686311787072243
0 0.7046030405405406 0.33091730038022815 0.3002533783783784 0.1480513307984791
1 0.2641469594594595 0.14282319391634982 0.42609797297297297 0.07224334600760456
2 0.26984797297297297 0.09529467680608365 0.15456081081081083 0.012832699619771864
2 0.1801097972972973 0.19712452471482889 0.2360641891891892 0.017347908745247147
2 0.2736486486486487 0.3043013307984791 0.4070945945945946 0.1789448669201521
0 0.2785050675675676 0.4522338403041825 0.35768581081081086 0.10741444866920152
0 0.29835304054054057 0.6048003802281369 0.32474662162162166 0.1435361216730038
2 0.29138513513513514 0.5174667300380228 0.32432432432432434 0.02067490494296578
2 0.29603040540540543 0.6869058935361216 0.22381756756756757 0.02067490494296578
2 0.29835304054054057 0.7269486692015209 0.3956925675675676 0.051330798479087454
2 0.7090371621621622 0.436430608365019 0.23733108108108109 0.009743346007604563
2 0.7301520270270271 0.4186074144486692 0.13682432432432434 0.02067490494296578
2 0.7077702702702703 0.4508079847908745 0.3581081081081081 0.010456273764258554
2 0.7259290540540541 0.24429657794676807 0.14695945945945946 0.019486692015209126
2 0.7138935810810811 0.5563212927756654 0.4100506756756757 0.1682509505703422
2 0.7227618243243243 0.7092442965779467 0.40413851351351354 0.08388783269961977
3 0.7202280405405406 0.6538735741444867 0.21072635135135137 0.018298479087452472
