2 0.3692989864864865 0.16052756653992395 0.14653716216216217 0.09624524714828897
2 0.3853462837837838 0.22195817490494296 0.171875 0.025665399239543727
2 0.3940033783783784 0.3214115969581749 0.18327702702702703 0.17086501901140685
2 0.6019847972972974 0.18797528517110265 0.19721283783783786 0.14068441064638784
2 0.8015202702702703 0.1833412547528517 0.1875 0.1290399239543726
2 0.6021959459459459 0.3347195817490494 0.1891891891891892 0.15375475285171103
2 0.7880067567567568 0.25701045627376423 0.15540540540540543 0.01449619771863118
2 0.8019425675675677 0.2899239543726236 0.17567567567567569 0.04657794676806084
2 0.7377533783783784 0.32366920152091255 0.05574324324324324 0.016634980988593156
2 0.8067989864864865 0.37880228136882127 0.19298986486486489 0.05655893536121673
0 0.17820945945945946 0.26176330798479086 0.21875 0.2972908745247148
0 0.7231841216216217 0.5199619771863118 0.45734797297297297 0.13878326996197718
0 0.5213260135135136 0.654111216730038 0.4159628378378379 0.14139733840304183
0 0.8391047297297298 0.6743108365019012 0.23226351351351351 0.14567490494296578
2 0.6173986486486487 0.7385931558935361 0.2195945945945946 0.02328897338403042
2 0.19742398648648649 0.5073669201520913 0.17103040540540543 0.08697718631178707
2 0.39590371621621623 0.5072480988593155 0.18032094594594594 0.08246197718631179
2 0.40244932432432434 0.5598859315589354 0.17989864864864866 0.016159695817490494
2 0.20016891891891894 0.658032319391635 0.18243243243243246 0.2115019011406844
2 0.1475929054054054 0.7747148288973384 0.07052364864864866 0.013307984790874524
