3 0.4362179487179487 0.014733840304182509 0.13974358974358975 0.02709125475285171
3 0.43525641025641026 0.06226235741444867 0.14358974358974358 0.028517110266159697
2 0.8419871794871795 0.011050380228136883 0.06538461538461539 0.02115019011406844
2 0.8479166666666667 0.058341254752851714 0.06506410256410257 0.014020912547528517
2 0.47708333333333336 0.15672528517110265 0.8157051282051282 0.15423003802281368
2 0.47628205128205126 0.42561787072243346 0.8211538461538461 0.15874524714828897
0 0.4479166666666667 0.2738830798479087 0.6586538461538461 0.07533269961977186
2 0.4532051282051282 0.32473859315589354 0.2378205128205128 0.02352661596958175
3 0.4371794871794872 0.5226948669201521 0.33205128205128204 0.033507604562737645
2 0.8520833333333333 0.5219819391634981 0.06698717948717949 0.02352661596958175
2 0.47147435897435896 0.5622623574144486 0.8243589743589743 0.04182509505703422
0 0.4533653846153846 0.6949857414448669 0.4099358974358974 0.19653041825095058
2 0.4516025641025641 0.8046577946768061 0.32564102564102565 0.021863117870722433
2 0.1391025641025641 0.8457699619771863 0.15256410256410258 0.02138783269961977
2 0.47836538461538464 0.8842680608365019 0.830448717948718 0.05228136882129278
