2 0.4700320512820513 0.06618346007604563 0.1605769230769231 0.019249049429657796
2 0.8104166666666667 0.06653992395437262 0.028525641025641025 0.016159695817490494
2 0.47115384615384615 0.1479325095057034 0.7634615384615384 0.11620722433460076
3 0.4668269230769231 0.21791825095057035 0.2125 0.022338403041825095
3 0.46650641025641026 0.2649714828897338 0.3112179487179487 0.02328897338403042
2 0.275 0.23978136882129278 0.37115384615384617 0.02043726235741445
2 0.475801282051282 0.30715304182509506 0.7676282051282052 0.05869771863117871
2 0.4666666666666667 0.6059885931558935 0.7608974358974359 0.0370722433460076
2 0.47259615384615383 0.6996197718631179 0.760576923076923 0.14401140684410646
0 0.38253205128205126 0.40161596958174905 0.19006410256410255 0.12167300380228137
0 0.5894230769230769 0.4003089353612167 0.21602564102564104 0.12143536121673004
0 0.38317307692307695 0.5130703422053232 0.19134615384615383 0.09838403041825095
0 0.5899038461538462 0.5219819391634981 0.20352564102564102 0.12000950570342206
2 0.2685897435897436 0.7874287072243346 0.2846153846153846 0.019724334600760455
2 0.47147435897435896 0.8461264258555133 0.7705128205128206 0.093393536121673
