2 0.4546474358974359 0.08543250950570343 0.25737179487179485 0.030180608365019013
0 0.21746794871794872 0.15458650190114068 0.20224358974358975 0.10717680608365018
0 0.21490384615384617 0.27602186311787075 0.2048076923076923 0.11050380228136882
0 0.46121794871794874 0.16052756653992395 0.2141025641025641 0.1157319391634981
0 0.4636217948717949 0.2795865019011407 0.2092948717948718 0.1057509505703422
0 0.7086538461538462 0.1634980988593156 0.21794871794871795 0.10456273764258556
0 0.7094551282051282 0.2811311787072243 0.21762820512820513 0.11644486692015209
2 0.7810897435897436 0.08543250950570343 0.03782051282051282 0.013545627376425855
2 0.46955128205128205 0.37654467680608367 0.32371794871794873 0.0278041825095057
2 0.25272435897435896 0.4207461977186312 0.24006410256410257 0.030180608365019013
2 0.4673076923076923 0.47409695817490494 0.7275641025641025 0.0817490494296578
2 0.12451923076923077 0.5741444866920152 0.03878205128205128 0.02091254752851711
3 0.45368589743589743 0.5417062737642585 0.3682692307692308 0.05537072243346008
3 0.45064102564102565 0.6038498098859315 0.41217948717948716 0.03564638783269962
3 0.45256410256410257 0.6623098859315589 0.3384615384615385 0.03754752851711027
2 0.11618589743589744 0.6315351711026616 0.020192307692307693 0.022100760456273766
2 0.7985576923076924 0.5419439163498099 0.07211538461538461 0.027328897338403043
2 0.7971153846153847 0.6026615969581749 0.07179487179487179 0.02423954372623574
2 0.7982371794871795 0.6615969581749049 0.05480769230769231 0.026615969581749048
2 0.4706730769230769 0.7570104562737643 0.7419871794871795 0.15185361216730037
2 0.22628205128205128 0.8479087452471483 0.20064102564102565 0.027566539923954372
2 0.4782051282051282 0.8665636882129277 0.7064102564102565 0.02637832699619772
