2 0.5342060810810811 0.05857889733840304 0.19932432432432434 0.015922053231939164
2 0.15920608108108109 0.06951045627376426 0.14864864864864866 0.02923003802281369
2 0.5356841216216216 0.07557034220532319 0.3813344594594595 0.013307984790874524
2 0.1883445945945946 0.10468155893536121 0.19510135135135137 0.01782319391634981
2 0.5323057432432433 0.17181558935361216 0.5367398648648649 0.06606463878326996
2 0.5479307432432433 0.22457224334600762 0.6490709459459459 0.025190114068441065
2 0.5475084459459459 0.25332699619771865 0.3788006756756757 0.030893536121673004
2 0.5441300675675675 0.3613355513307985 0.7901182432432433 0.16088403041825095
2 0.44890202702702703 0.4509268060836502 0.5886824324324325 0.017347908745247147
2 0.46790540540540543 0.4752851711026616 0.6173986486486487 0.017110266159695818
2 0.5375844594594595 0.5187737642585551 0.8277027027027027 0.03754752851711027
2 0.551097972972973 0.564995247148289 0.7288851351351352 0.015922053231939164
2 0.5544763513513514 0.5950570342205324 0.6587837837837838 0.040399239543726234
2 0.5373733108108109 0.6547053231939164 0.8661317567567568 0.06653992395437262
2 0.33910472972972977 0.7149477186311787 0.48141891891891897 0.041112167300380226
2 0.5382179054054055 0.7680608365019012 0.863597972972973 0.06416349809885931
