2 0.49567307692307694 0.15506178707224336 0.7657051282051281 0.08673954372623574
2 0.49583333333333335 0.09351235741444867 0.18012820512820513 0.02400190114068441
2 0.8318910256410257 0.09232414448669202 0.05096153846153846 0.023051330798479087
2 0.5019230769230769 0.6423479087452472 0.5673076923076923 0.02328897338403042
0 0.36682692307692305 0.3056083650190114 0.2951923076923077 0.21482889733840305
0 0.6560897435897436 0.30917300380228135 0.28397435897435896 0.21387832699619772
0 0.36778846153846156 0.5193678707224335 0.2875 0.2145912547528517
0 0.6552884615384615 0.5222195817490495 0.2875 0.2107889733840304
0 0.23717948717948717 0.747861216730038 0.24358974358974358 0.2005703422053232
0 0.483974358974359 0.7465541825095057 0.25833333333333336 0.19462927756653992
0 0.7399038461538462 0.7505941064638784 0.25544871794871793 0.20128326996197718
2 0.48669871794871794 0.8780893536121673 0.5759615384615384 0.02328897338403042
