2 0.47307692307692306 0.09814638783269962 0.19230769230769232 0.022338403041825095
2 0.7966346153846153 0.0992157794676806 0.033012820512820513 0.014020912547528517
2 0.4717948717948718 0.13676330798479086 0.7185897435897436 0.04348859315589353
2 0.2764423076923077 0.17145912547528516 0.27275641025641023 0.024477186311787073
2 0.4719551282051282 0.22029467680608364 0.7336538461538461 0.07889733840304182
2 0.6407051282051281 0.3741682509505703 0.40512820512820513 0.22837452471482889
2 0.27003205128205127 0.4688688212927757 0.3073717948717949 0.022338403041825095
0 0.26987179487179486 0.3577709125475285 0.325 0.19415399239543726
0 0.4708333333333333 0.5644011406844106 0.7410256410256411 0.14258555133079848
2 0.47099358974358974 0.6707461977186312 0.7426282051282052 0.03493346007604563
2 0.21137820512820513 0.7105513307984791 0.15416666666666667 0.026615969581749048
2 0.46650641025641026 0.7729325095057035 0.746474358974359 0.08483840304182509
2 0.19647435897435897 0.8324619771863118 0.14615384615384616 0.01758555133079848
2 0.4724358974358974 0.8722671102661597 0.757051282051282 0.06202471482889734
