2 0.48564189189189194 0.04657794676806084 0.23395270270270271 0.02376425855513308
2 0.8703547297297298 0.04455798479087453 0.09797297297297297 0.02637832699619772
2 0.12352195945945947 0.05406368821292776 0.12035472972972974 0.022100760456273766
2 0.4812077702702703 0.09565114068441065 0.6879222972972974 0.028279467680608364
2 0.4873310810810811 0.12963403041825095 0.22804054054054054 0.015446768060836502
2 0.48880912162162166 0.14294201520912547 0.38724662162162166 0.014020912547528517
2 0.488597972972973 0.20187737642585551 0.7888513513513514 0.08816539923954372
2 0.3439611486486487 0.25380228136882127 0.4987331081081081 0.01758555133079848
2 0.41026182432432434 0.27031844106463876 0.6338682432432433 0.01449619771863118
2 0.2516891891891892 0.2846958174904943 0.30405405405405406 0.013307984790874524
2 0.492820945945946 0.3210551330798479 0.5008445945945946 0.03754752851711027
2 0.49176520270270274 0.3533745247148289 0.27660472972972977 0.012357414448669201
2 0.49619932432432434 0.36549429657794674 0.5785472972972974 0.00903041825095057
2 0.4942989864864865 0.4340541825095057 0.7706925675675677 0.1133555133079848
2 0.12267736486486487 0.5197243346007605 0.04011824324324324 0.013783269961977186
2 0.2875844594594595 0.6355750950570342 0.40540540540540543 0.20175855513307986
2 0.7206503378378378 0.6185836501901141 0.43369932432432434 0.24001901140684412
2 0.44805743243243246 0.7494058935361216 0.6748310810810811 0.01449619771863118
2 0.5116131756756757 0.7699619771863118 0.8483952702702703 0.02614068441064639
