2 0.44871794871794873 0.0779467680608365 0.20064102564102565 0.019486692015209126
2 0.7868589743589743 0.07604562737642585 0.03974358974358974 0.012832699619771864
0 0.4565705128205128 0.27625950570342206 0.7548076923076923 0.3685836501901141
2 0.4375 0.5074857414448669 0.7141025641025641 0.018773764258555134
2 0.1519230769230769 0.5463403041825095 0.08525641025641026 0.017110266159695818
2 0.45400641025641025 0.6045627376425855 0.7592948717948718 0.09648288973384031
2 0.4549679487179487 0.71518536121673 0.7592948717948718 0.12238593155893536
2 0.725 0.7996673003802282 0.2064102564102564 0.0594106463878327
2 0.3391025641025641 0.8081036121673004 0.5314102564102564 0.06345057034220532
2 0.4580128205128205 0.8517110266159695 0.7692307692307693 0.02091254752851711
2 0.28573717948717947 0.8944866920152091 0.4266025641025641 0.01568441064638783
