2 0.4863782051282051 0.21447243346007605 0.3458333333333333 0.041112167300380226
2 0.5546474358974359 0.2971720532319392 0.6298076923076923 0.08103612167300381
2 0.13381410256410256 0.3804657794676806 0.07660256410256411 0.022338403041825095
2 0.4778846153846154 0.46993821292775667 0.7512820512820513 0.125712927756654
2 0.15080128205128204 0.5569153992395437 0.09903846153846153 0.025903041825095056
2 0.4953525641025641 0.6883317490494296 0.7387820512820513 0.20318441064638784
2 0.2935897435897436 0.8163022813688213 0.4282051282051282 0.0370722433460076
2 0.47612179487179485 0.8759505703422054 0.7721153846153846 0.06844106463878327
0 0.15689102564102564 0.15363593155893537 0.0907051282051282 0.06202471482889734
0 0.25592948717948716 0.16337927756653992 0.1016025641025641 0.1836977186311787
0 0.37051282051282053 0.15506178707224336 0.1064102564102564 0.0748574144486692
0 0.4708333333333333 0.15541825095057035 0.09230769230769231 0.0741444866920152
0 0.575 0.15506178707224336 0.09871794871794871 0.07628326996197718
0 0.6834935897435898 0.15636882129277566 0.09711538461538462 0.0817490494296578
