2 0.06144425675675676 0.09398764258555133 0.0637668918918919 0.01449619771863118
2 0.47445101351351354 0.09089828897338403 0.3458614864864865 0.01449619771863118
2 0.8604307432432433 0.08899714828897339 0.06883445945945946 0.009743346007604563
2 0.6951013513513514 0.12987167300380228 0.4298986486486487 0.048716730038022814
2 0.23986486486486489 0.13165399239543726 0.4206081081081081 0.03849809885931559
2 0.24092060810810811 0.1747861216730038 0.41934121621621623 0.04491444866920152
2 0.5610219594594595 0.16112167300380228 0.16089527027027029 0.012357414448669201
2 0.5692567567567568 0.17716254752851712 0.18327702702702703 0.010693916349809885
2 0.6957347972972974 0.1987880228136882 0.4269425675675676 0.028754752851711026
1 0.7010135135135136 0.24809885931558937 0.35304054054054057 0.0470532319391635
2 0.7003800675675677 0.218393536121673 0.19552364864864866 0.00903041825095057
2 0.10663006756756757 0.2056796577946768 0.16173986486486489 0.010693916349809885
2 0.24809966216216217 0.2640209125475285 0.43454391891891897 0.09695817490494296
2 0.2529560810810811 0.342324144486692 0.4265202702702703 0.05679657794676806
2 0.2548564189189189 0.37785171102661597 0.21326013513513514 0.014258555133079848
1 0.25570101351351354 0.45104562737642584 0.31798986486486486 0.1326045627376426
2 0.7024915540540541 0.30798479087452474 0.42018581081081086 0.06749049429657794
0 0.6997466216216217 0.36478136882129275 0.24493243243243246 0.043726235741444866
2 0.6989020270270271 0.3979325095057034 0.17567567567567569 0.008317490494296578
2 0.5618665540540541 0.4133792775665399 0.14991554054054054 0.01164448669201521
2 0.7056587837837838 0.4604325095057034 0.41385135135135137 0.08056083650190114
2 0.11169763513513514 0.5307747148288974 0.1254222972972973 0.01211977186311787
2 0.265625 0.594106463878327 0.4222972972972973 0.11169201520912547
1 0.7058699324324325 0.5943441064638784 0.4049831081081081 0.16634980988593157
1 0.27280405405405406 0.7456036121673004 0.41469594594594594 0.1642110266159696
2 0.7168496621621622 0.7004515209125475 0.4142736486486487 0.041112167300380226
2 0.7210726351351352 0.7574857414448669 0.4227195945945946 0.06962927756653993
2 0.5688344594594595 0.8007366920152091 0.1275337837837838 0.01211977186311787
2 0.7286739864864865 0.8183222433460076 0.3931587837837838 0.018298479087452472
2 0.26710304054054057 0.6532794676806084 0.16258445945945946 0.014733840304182509
2 0.7020692567567568 0.5055846007604563 0.12373310810810811 0.01164448669201521
