2 0.45913461538461536 0.07782794676806083 0.18173076923076922 0.027328897338403043
2 0.8001602564102565 0.07747148288973384 0.047115384615384615 0.01806083650190114
2 0.4717948717948718 0.19106463878326996 0.7673076923076924 0.1915399239543726
2 0.17275641025641025 0.31772813688212925 0.17243589743589743 0.0408745247148289
2 0.4706730769230769 0.3643060836501901 0.7496794871794872 0.04847908745247148
2 0.18381410256410258 0.4060123574144487 0.11955128205128206 0.02923003802281369
2 0.4596153846153846 0.4340541825095057 0.6974358974358974 0.023051330798479087
3 0.44919871794871796 0.4519961977186312 0.2092948717948718 0.027566539923954372
2 0.813301282051282 0.45045152091254753 0.05673076923076923 0.019724334600760455
2 0.4689102564102564 0.5002376425855514 0.7532051282051282 0.0779467680608365
2 0.4724358974358974 0.6726473384030418 0.7589743589743589 0.2606939163498099
2 0.483974358974359 0.8538498098859315 0.7673076923076924 0.10741444866920152
