2 0.5084459459459459 0.08258079847908745 0.37922297297297297 0.013070342205323195
2 0.8640202702702703 0.08151140684410646 0.0633445945945946 0.014258555133079848
2 0.09755067567567569 0.08317490494296578 0.05574324324324324 0.012832699619771864
2 0.27449324324324326 0.20829372623574144 0.4070945945945946 0.21934410646387834
2 0.707981418918919 0.11620722433460076 0.4083614864864865 0.0408745247148289
3 0.7014358108108109 0.15042775665399238 0.1875 0.026615969581749048
3 0.7052364864864865 0.3688212927756654 0.3766891891891892 0.028517110266159697
3 0.7039695945945946 0.5064163498098859 0.1266891891891892 0.02328897338403042
2 0.7075591216216217 0.17561787072243346 0.4083614864864865 0.025665399239543727
2 0.707347972972973 0.2723384030418251 0.41047297297297297 0.16207224334600762
2 0.2797719594594595 0.38605038022813687 0.4125844594594595 0.13379277566539924
2 0.28716216216216217 0.469106463878327 0.40118243243243246 0.02899239543726236
2 0.7065033783783784 0.44320342205323193 0.40540540540540543 0.10361216730038023
2 0.7138935810810811 0.5515684410646388 0.40076013513513514 0.0679657794676806
2 0.6180320945945946 0.7200570342205324 0.2056587837837838 0.011406844106463879
2 0.7166385135135136 0.7630703422053232 0.40625 0.06606463878326996
2 0.14822635135135137 0.6962927756653993 0.14273648648648649 0.011406844106463879
2 0.28568412162162166 0.751069391634981 0.4083614864864865 0.0957699619771863
2 0.2842060810810811 0.6788260456273765 0.24324324324324326 0.01164448669201521
2 0.7134712837837838 0.7050855513307984 0.17018581081081083 0.01188212927756654
0 0.2842060810810811 0.5192490494296578 0.4070945945945946 0.0679657794676806
0 0.19256756756756757 0.6156131178707225 0.13006756756756757 0.09386882129277567
0 0.3771114864864865 0.6143060836501901 0.14273648648648649 0.09268060836501901
0 0.6161317567567568 0.6379515209125475 0.14273648648648649 0.10052281368821293
0 0.8078547297297298 0.6373574144486692 0.14189189189189189 0.09980988593155893
2 0.2850506756756757 0.5586977186311787 0.13513513513513514 0.00903041825095057
