2 0.5157051282051281 0.07699619771863118 0.22564102564102564 0.030418250950570342
2 0.8434294871794872 0.07557034220532319 0.058012820512820515 0.02709125475285171
2 0.5044871794871795 0.11608840304182509 0.7647435897435897 0.05109315589353612
2 0.5219551282051282 0.18619296577946767 0.7503205128205128 0.11050380228136882
2 0.5073717948717948 0.2730513307984791 0.7647435897435897 0.06701520912547529
2 0.5064102564102564 0.35432509505703425 0.7621794871794871 0.09933460076045628
2 0.2841346153846154 0.4247861216730038 0.27724358974358976 0.022100760456273766
2 0.4982371794871795 0.48193916349809884 0.7695512820512821 0.10361216730038023
2 0.5036858974358974 0.6020674904942965 0.7759615384615385 0.14472433460076045
2 0.5054487179487179 0.8685836501901141 0.7775641025641026 0.053231939163498096
0 0.40080128205128207 0.7552281368821293 0.23814102564102563 0.17775665399239543
0 0.6298076923076923 0.7576045627376425 0.23653846153846153 0.18393536121673004
