2 0.754856418918919 0.07687737642585551 0.45059121621621623 0.06487642585551331
2 0.36254222972972977 0.2033032319391635 0.578125 0.03873574144486692
2 0.2850506756756757 0.15423003802281368 0.3150337837837838 0.014733840304182509
2 0.5998733108108109 0.13652566539923955 0.14653716216216217 0.05489543726235741
2 0.8319256756756758 0.20936311787072243 0.31165540540540543 0.1991444866920152
2 0.8357263513513514 0.33769011406844107 0.2956081081081081 0.03802281368821293
2 0.44341216216216217 0.37999049429657794 0.3673986486486487 0.013783269961977186
2 0.3697212837837838 0.2303944866920152 0.2782939189189189 0.010693916349809885
2 0.36465371621621623 0.30335076045627374 0.6026182432432433 0.1318916349809886
2 0.1319679054054054 0.3910408745247148 0.13555743243243243 0.04206273764258555
2 0.8363597972972974 0.3906844106463878 0.3129222972972973 0.06226235741444867
0 0.29222972972972977 0.08436311787072243 0.39949324324324326 0.07984790874524715
2 0.13471283783783786 0.439282319391635 0.13513513513513514 0.037785171102661594
2 0.13597972972972974 0.4865731939163498 0.13429054054054054 0.035408745247148286
2 0.13999155405405406 0.5336264258555133 0.13386824324324326 0.03493346007604563
2 0.44277871621621623 0.4004277566539924 0.4429898648648649 0.02423954372623574
2 0.31946790540540543 0.42502376425855515 0.19383445945945946 0.014020912547528517
2 0.4421452702702703 0.44855038022813687 0.40540540540540543 0.023051330798479087
0 0.41680743243243246 0.5219819391634981 0.3876689189189189 0.11525665399239543
0 0.13788006756756757 0.5727186311787072 0.14484797297297297 0.03517110266159696
0 0.13597972972972974 0.6110979087452472 0.14358108108108109 0.03968631178707224
0 0.8388935810810811 0.7124524714828897 0.31207770270270274 0.09505703422053231
2 0.6359797297297297 0.5216254752851711 0.04645270270270271 0.10598859315589354
2 0.4429898648648649 0.6042062737642585 0.4391891891891892 0.04919201520912547
2 0.8369932432432433 0.5673716730038023 0.2981418918918919 0.022100760456273766
2 0.8374155405405406 0.439282319391635 0.2846283783783784 0.018773764258555134
2 0.8367820945945946 0.45556083650190116 0.18201013513513514 0.009505703422053232
2 0.8348817567567568 0.5055846007604563 0.31841216216216217 0.08816539923954372
2 0.8384712837837839 0.6252376425855514 0.3146114864864865 0.07461977186311787
2 0.8338260135135136 0.5831749049429658 0.19636824324324326 0.00903041825095057
2 0.8386824324324325 0.7669914448669202 0.30912162162162166 0.013070342205323195
2 0.2941300675675676 0.6567252851711026 0.4455236486486487 0.04491444866920152
2 0.21663851351351351 0.7299192015209125 0.30912162162162166 0.09767110266159695
2 0.44594594594594594 0.7131653992395437 0.14611486486486489 0.06368821292775666
2 0.5983952702702703 0.6884505703422054 0.15202702702702703 0.1112167300380228
2 0.45671452702702703 0.7835076045627376 0.140625 0.009980988593155894
2 0.7485219594594595 0.782675855513308 0.38217905405405406 0.008317490494296578
2 0.24577702702702703 0.7867157794676806 0.23057432432432434 0.0092680608365019
