2 0.11592060810810811 0.028279467680608364 0.12457770270270271 0.02614068441064639
2 0.5065456081081081 0.023645437262357415 0.24535472972972974 0.02352661596958175
2 0.9054054054054055 0.021506653992395437 0.1097972972972973 0.023051330798479087
2 0.5029560810810811 0.0779467680608365 0.6444256756756757 0.028517110266159697
2 0.5038006756756757 0.10872148288973384 0.5059121621621622 0.022100760456273766
2 0.5065456081081081 0.13605038022813687 0.8255912162162162 0.03065589353612167
2 0.5035895270270271 0.2029467680608365 0.8306587837837839 0.09315589353612168
2 0.4548141891891892 0.2587927756653992 0.7162162162162162 0.01758555133079848
2 0.43686655405405406 0.27495247148288976 0.6777871621621622 0.01568441064638783
2 0.26097972972972977 0.2900427756653992 0.32263513513513514 0.015446768060836502
2 0.5084459459459459 0.31737167300380226 0.6300675675675677 0.02115019011406844
2 0.5076013513513514 0.34125475285171103 0.47888513513513514 0.01568441064638783
2 0.5101351351351352 0.3646625475285171 0.8082770270270271 0.025903041825095056
2 0.5082347972972974 0.4300142585551331 0.8036317567567568 0.08673954372623574
2 0.5097128378378378 0.4862167300380228 0.7989864864864865 0.02423954372623574
2 0.10641891891891893 0.5278041825095057 0.07094594594594594 0.012357414448669201
2 0.2892736486486487 0.6211977186311787 0.42145270270270274 0.1606463878326996
2 0.7347972972972974 0.6061074144486692 0.43074324324324326 0.19557984790874525
2 0.5149915540540541 0.721601711026616 0.8661317567567568 0.0278041825095057
2 0.5181587837837838 0.7617633079847909 0.8614864864864865 0.052519011406844104
