2 0.5169871794871795 0.07010456273764258 0.19807692307692307 0.02709125475285171
2 0.8586538461538461 0.07153041825095056 0.04807692307692308 0.02043726235741445
2 0.3767628205128205 0.10444391634980989 0.47724358974358977 0.015446768060836502
2 0.5259615384615385 0.12072243346007605 0.691025641025641 0.022338403041825095
2 0.32019230769230766 0.14234790874524714 0.06602564102564103 0.0185361216730038
2 0.32003205128205126 0.21708650190114068 0.07147435897435897 0.022576045627376425
2 0.5681089743589743 0.1913022813688213 0.2657051282051282 0.1112167300380228
2 0.5193910256410257 0.27519011406844107 0.7625 0.06131178707224334
2 0.5230769230769231 0.3359077946768061 0.7596153846153846 0.06012357414448669
2 0.5262820512820513 0.4453422053231939 0.7698717948717949 0.155893536121673
2 0.5211538461538462 0.5766397338403042 0.7576923076923077 0.0957699619771863
2 0.5195512820512821 0.6575570342205324 0.7705128205128206 0.05988593155893536
2 0.33990384615384617 0.7025903041825095 0.35224358974358977 0.017347908745247147
2 0.5197115384615385 0.7623574144486692 0.7733974358974359 0.10076045627376426
2 0.521474358974359 0.8565826996197718 0.7762820512820513 0.08531368821292776
