2 0.4426282051282051 0.0899477186311787 0.25448717948717947 0.02923003802281369
2 0.3575320512820513 0.13082224334600762 0.5330128205128205 0.04538973384030418
2 0.7594551282051282 0.08365019011406843 0.0375 0.011406844106463879
3 0.4342948717948718 0.16302281368821292 0.31153846153846154 0.034220532319391636
2 0.32884615384615384 0.1936787072243346 0.4673076923076923 0.01758555133079848
3 0.2863782051282051 0.24263307984790874 0.3657051282051282 0.08317490494296578
2 0.701602564102564 0.2369296577946768 0.1987179487179487 0.0594106463878327
2 0.2 0.3495722433460076 0.14935897435897436 0.02043726235741445
2 0.11987179487179488 0.29420152091254753 0.035897435897435895 0.014733840304182509
2 0.5076923076923077 0.23966254752851712 0.04871794871794872 0.016872623574144485
2 0.7698717948717949 0.15779467680608364 0.0532051282051282 0.014258555133079848
2 0.7751602564102564 0.3127376425855513 0.05352564102564102 0.019486692015209126
3 0.45560897435897435 0.3197480988593156 0.11378205128205128 0.03635931558935361
3 0.4453525641025641 0.3745247148288973 0.28365384615384615 0.046102661596958174
2 0.46266025641025643 0.4211026615969582 0.7144230769230769 0.06606463878326996
1 0.4600961538461538 0.49156368821292773 0.3746794871794872 0.06487642585551331
2 0.21137820512820513 0.5477661596958174 0.21634615384615385 0.017110266159695818
3 0.4564102564102564 0.5900665399239544 0.2282051282051282 0.0879277566539924
2 0.7139423076923077 0.5360028517110266 0.18365384615384617 0.016872623574144485
2 0.7940705128205128 0.5840066539923955 0.052884615384615384 0.018298479087452472
2 0.7846153846153846 0.3691777566539924 0.057692307692307696 0.02067490494296578
0 0.4717948717948718 0.716254752851711 0.7070512820512821 0.17347908745247148
2 0.47868589743589746 0.848027566539924 0.7407051282051282 0.08246197718631179
