2 0.5072115384615384 0.054657794676806086 0.2125 0.019961977186311788
3 0.5001602564102564 0.0992157794676806 0.19262820512820514 0.042538022813688216
2 0.864423076923077 0.050736692015209126 0.04423076923076923 0.019724334600760455
2 0.8778846153846154 0.09446292775665399 0.046153846153846156 0.013545627376425855
2 0.5091346153846154 0.15862642585551331 0.7875 0.08103612167300381
2 0.2536858974358974 0.22053231939163498 0.20865384615384616 0.022338403041825095
2 0.5089743589743589 0.3155893536121673 0.7916666666666666 0.16777566539923955
2 0.5049679487179487 0.6473384030418251 0.7035256410256411 0.025665399239543727
0 0.37275641025641026 0.5162785171102662 0.3326923076923077 0.22884980988593157
0 0.7088141025641026 0.5173479087452472 0.3092948717948718 0.22718631178707224
2 0.5030448717948718 0.7088878326996197 0.805448717948718 0.08317490494296578
2 0.50625 0.8000237642585551 0.8003205128205129 0.07153041825095056
2 0.8770833333333333 0.8814163498098859 0.047115384615384615 0.016159695817490494
2 0.2108974358974359 0.8467205323193916 0.14551282051282052 0.019486692015209126
3 0.48717948717948717 0.8805846007604563 0.1737179487179487 0.046815589353612165
