2 0.452724358974359 0.07046102661596958 0.16314102564102564 0.014020912547528517
2 0.7878205128205128 0.0683222433460076 0.03205128205128205 0.014020912547528517
2 0.46025641025641023 0.15102186311787072 0.7455128205128205 0.12096007604562738
2 0.2703525641025641 0.23027566539923955 0.305448717948718 0.019486692015209126
2 0.46490384615384617 0.33804657794676807 0.7496794871794872 0.20508555133079848
0 0.23637820512820512 0.5611929657794676 0.22852564102564102 0.23550380228136883
0 0.4658653846153846 0.5570342205323194 0.22852564102564102 0.2314638783269962
0 0.6935897435897436 0.5541825095057035 0.23012820512820512 0.23051330798479086
2 0.4706730769230769 0.7232652091254753 0.760576923076923 0.07533269961977186
2 0.20176282051282052 0.7876663498098859 0.1516025641025641 0.018773764258555134
2 0.36025641025641025 0.8498098859315589 0.5378205128205128 0.10503802281368821
2 0.7490384615384615 0.845175855513308 0.21346153846153845 0.09149239543726236
