2 0.45400641025641025 0.036596958174904944 0.22852564102564102 0.016159695817490494
2 0.7939102564102564 0.039092205323193914 0.03653846153846154 0.011169201520912548
2 0.45416666666666666 0.09077946768060836 0.7557692307692307 0.05655893536121673
2 0.2498397435897436 0.1331986692015209 0.2932692307692308 0.014020912547528517
2 0.45368589743589743 0.18250950570342206 0.7682692307692308 0.07509505703422054
0 0.21907051282051282 0.33127376425855515 0.26955128205128204 0.19486692015209126
3 0.6166666666666667 0.2416825095057034 0.225 0.029467680608365018
2 0.8136217948717949 0.2416825095057034 0.04583333333333333 0.016634980988593156
2 0.6073717948717948 0.3192728136882129 0.4666666666666667 0.11715779467680608
2 0.2205128205128205 0.44344106463878324 0.2903846153846154 0.01806083650190114
2 0.6072115384615384 0.41920152091254753 0.4708333333333333 0.07984790874524715
2 0.4592948717948718 0.5155655893536122 0.7794871794871795 0.10242395437262357
0 0.2953525641025641 0.6431796577946768 0.3073717948717949 0.13379277566539924
0 0.6336538461538461 0.6408032319391634 0.3474358974358974 0.12856463878326996
2 0.46330128205128207 0.7242157794676806 0.5919871794871795 0.021625475285171104
2 0.4618589743589744 0.8113117870722434 0.7974358974358975 0.13450570342205323
