2 0.5206925675675675 0.034814638783269965 0.4391891891891892 0.0339828897338403
2 0.9066722972972974 0.04788498098859315 0.07432432432432433 0.01211977186311787
2 0.07010135135135136 0.0278041825095057 0.05658783783783784 0.012832699619771864
0 0.24408783783783786 0.11192965779467681 0.37246621621621623 0.1311787072243346
0 0.25696790540540543 0.2747148288973384 0.40244932432432434 0.17347908745247148
2 0.7286739864864865 0.16052756653992395 0.4438344594594595 0.2145912547528517
2 0.7352195945945946 0.2983602661596958 0.4400337837837838 0.05964828897338403
2 0.5464527027027027 0.3375712927756654 0.07516891891891893 0.01449619771863118
2 0.7271959459459459 0.3763070342205323 0.4442567567567568 0.05537072243346008
2 0.7286739864864865 0.4247861216730038 0.4472128378378379 0.041112167300380226
2 0.7267736486486487 0.46518536121673004 0.44341216216216217 0.037785171102661594
2 0.7299408783783784 0.5116444866920152 0.4421452702702703 0.054657794676806086
2 0.7290962837837838 0.5611929657794676 0.4404560810810811 0.0401615969581749
2 0.7322635135135136 0.6015922053231939 0.4400337837837838 0.03826045627376426
2 0.7301520270270271 0.6356939163498099 0.4425675675675676 0.026615969581749048
2 0.7276182432432433 0.6632604562737643 0.44172297297297297 0.02614068441064639
2 0.7267736486486487 0.6964115969581749 0.44172297297297297 0.03826045627376426
2 0.7290962837837838 0.7381178707224335 0.4404560810810811 0.04277566539923954
2 0.7274070945945946 0.779824144486692 0.4396114864864865 0.03968631178707224
2 0.7280405405405406 0.8141634980988594 0.4425675675675676 0.027566539923954372
0 0.23585304054054054 0.4214591254752852 0.35684121621621623 0.10289923954372623
0 0.23669763513513514 0.5121197718631179 0.35684121621621623 0.05750950570342205
2 0.22761824324324326 0.18286596958174905 0.11655405405405406 0.010693916349809885
2 0.23416385135135137 0.36525665399239543 0.13302364864864866 0.008555133079847909
2 0.234375 0.4787309885931559 0.22297297297297297 0.0092680608365019
2 0.23733108108108109 0.5451520912547528 0.16638513513513514 0.009505703422053232
2 0.25739020270270274 0.5590541825095057 0.19045608108108109 0.009743346007604563
2 0.09184966216216217 0.7835076045627376 0.08741554054054054 0.02138783269961977
2 0.26921452702702703 0.8179657794676806 0.4396114864864865 0.04230038022813688
2 0.11549831081081081 0.5837690114068441 0.13217905405405406 0.023051330798479087
2 0.2643581081081081 0.6852423954372624 0.4408783783783784 0.16706273764258556
