2 0.49246794871794874 0.04954847908745247 0.21314102564102563 0.021625475285171104
2 0.8504807692307692 0.048241444866920155 0.03621794871794872 0.013307984790874524
0 0.49278846153846156 0.1806083650190114 0.544551282051282 0.2153041825095057
2 0.4969551282051282 0.30133079847908745 0.1701923076923077 0.02328897338403042
2 0.5025641025641026 0.36965304182509506 0.7929487179487179 0.10480038022813688
2 0.6967948717948718 0.42585551330798477 0.1608974358974359 0.016159695817490494
1 0.7003205128205128 0.4765922053231939 0.3769230769230769 0.08531368821292776
2 0.3020833333333333 0.4865731939163498 0.3958333333333333 0.12381178707224334
2 0.30480769230769234 0.5710551330798479 0.33653846153846156 0.02709125475285171
2 0.49743589743589745 0.6954610266159695 0.7942307692307692 0.21173954372623574
2 0.4963141025641026 0.8578897338403042 0.7919871794871794 0.1112167300380228
