2 0.590793918918919 0.09315589353612168 0.7483108108108109 0.043726235741444866
2 0.4203969594594595 0.20354087452471484 0.15920608108108109 0.16326045627376426
2 0.582981418918919 0.2069866920152091 0.16005067567567569 0.16539923954372623
2 0.754856418918919 0.20377851711026615 0.1566722972972973 0.1604087452471483
2 0.903293918918919 0.19926330798479086 0.1266891891891892 0.1713403041825095
0 0.25929054054054057 0.18262832699619772 0.15456081081081083 0.08056083650190114
0 0.2561233108108108 0.1333174904942966 0.13809121621621623 0.014733840304182509
2 0.3642314189189189 0.3431558935361217 0.3112331081081081 0.04657794676806084
2 0.4100506756756757 0.31499524714828897 0.4130067567567568 0.018298479087452472
2 0.2563344594594595 0.3884268060836502 0.15540540540540543 0.04158745247148289
2 0.41638513513513514 0.3900903041825095 0.15540540540540543 0.043013307984790874
2 0.5815033783783784 0.3916349809885932 0.15033783783783786 0.04277566539923954
2 0.7457770270270271 0.35515684410646386 0.14695945945945946 0.11620722433460076
2 0.2658361486486487 0.4312024714828897 0.12288851351351351 0.014020912547528517
2 0.421875 0.4601948669201521 0.4408783783783784 0.04538973384030418
2 0.2504222972972973 0.5077233840304183 0.1570945945945946 0.048241444866920155
2 0.4149070945945946 0.5090304182509505 0.15413851351351351 0.053231939163498096
2 0.5755912162162162 0.5100998098859315 0.15287162162162163 0.05489543726235741
2 0.7421875 0.48003802281368824 0.14822635135135137 0.11739543726235742
2 0.09037162162162163 0.2338403041825095 0.13091216216216217 0.10456273764258556
2 0.08614864864864866 0.32271863117870725 0.13175675675675677 0.06749049429657794
2 0.08826013513513514 0.406606463878327 0.12922297297297297 0.09268060836501901
2 0.08509290540540541 0.4845532319391635 0.1254222972972973 0.05608365019011407
2 0.08340371621621621 0.5461026615969582 0.12373310810810811 0.06321292775665399
2 0.08108108108108109 0.6106226235741444 0.13006756756756757 0.05346958174904943
2 0.08108108108108109 0.6700332699619772 0.1266891891891892 0.05442015209125475
2 0.08002533783783784 0.7306321292775665 0.12373310810810811 0.0625
2 0.07601351351351351 0.7908745247148289 0.125 0.051330798479087454
0 0.32453547297297297 0.7235028517110266 0.3163006756756757 0.14710076045627377
2 0.2599239864864865 0.5544201520912547 0.11359797297297299 0.013307984790874524
2 0.40751689189189194 0.5826996197718631 0.4113175675675676 0.04467680608365019
2 0.6437922297297297 0.6662309885931559 0.24028716216216217 0.024477186311787073
2 0.6575168918918919 0.6908269961977186 0.27111486486486486 0.02709125475285171
2 0.7388091216216217 0.5945817490494296 0.15076013513513514 0.10361216730038023
2 0.5760135135135136 0.623574144486692 0.15202702702702703 0.03564638783269962
2 0.3268581081081081 0.6284458174904943 0.3125 0.04348859315589353
2 0.3224239864864865 0.8077471482889734 0.30532094594594594 0.021863117870722433
2 0.5390625 0.7094819391634981 0.08994932432432433 0.007366920152091254
2 0.5694679054054055 0.7669914448669202 0.15076013513513514 0.10907794676806083
2 0.7345861486486487 0.7650903041825095 0.15244932432432434 0.12238593155893536
2 0.8935810810810811 0.7750712927756654 0.13344594594594594 0.11763307984790874
2 0.8984375 0.6065826996197718 0.1254222972972973 0.1328422053231939
2 0.8899915540540541 0.6978374524714829 0.10430743243243244 0.037309885931558935
2 0.8984375 0.5180608365019012 0.12119932432432433 0.03802281368821293
2 0.9073057432432433 0.31630228136882127 0.109375 0.034220532319391636
2 0.9005489864864865 0.41599334600760457 0.11866554054054054 0.1589828897338403
