2 0.4724358974358974 0.03255703422053232 0.20961538461538462 0.016634980988593156
2 0.47612179487179485 0.07497623574144487 0.7907051282051282 0.0339828897338403
2 0.19407051282051282 0.10907794676806083 0.1548076923076923 0.02423954372623574
2 0.475 0.18452946768060838 0.8038461538461539 0.125712927756654
2 0.830448717948718 0.030774714828897338 0.038461538461538464 0.01449619771863118
2 0.4796474358974359 0.33852186311787075 0.7996794871794872 0.17561787072243346
2 0.2016025641025641 0.44177756653992395 0.18461538461538463 0.01758555133079848
2 0.47996794871794873 0.49643536121673004 0.8060897435897436 0.08602661596958175
2 0.3389423076923077 0.5623811787072244 0.4560897435897436 0.028279467680608364
2 0.4826923076923077 0.6263070342205324 0.8076923076923077 0.08864068441064639
2 0.48525641025641025 0.7257604562737643 0.8108974358974359 0.10693916349809886
2 0.4876602564102564 0.8392347908745247 0.8169871794871795 0.11620722433460076
