2 0.47467948717948716 0.08151140684410646 0.1794871794871795 0.027566539923954372
2 0.48830128205128204 0.12333650190114068 0.7625 0.04467680608365019
2 0.4908653846153846 0.18464828897338403 0.771474358974359 0.08982889733840305
2 0.8179487179487179 0.07782794676806083 0.047435897435897434 0.018773764258555134
2 0.22131410256410255 0.24738593155893537 0.17916666666666667 0.03279467680608365
2 0.49407051282051284 0.3261644486692015 0.7830128205128205 0.12333650190114068
2 0.4844551282051282 0.41813212927756654 0.7625 0.06772813688212928
3 0.4754807692307692 0.48098859315589354 0.4080128205128205 0.06226235741444867
2 0.8336538461538462 0.4776615969581749 0.05576923076923077 0.02091254752851711
2 0.48846153846153845 0.5262595057034221 0.7493589743589744 0.041112167300380226
2 0.33573717948717946 0.5581036121673004 0.37083333333333335 0.022576045627376425
3 0.4701923076923077 0.5986216730038023 0.35833333333333334 0.06986692015209126
2 0.8349358974358975 0.5998098859315589 0.0532051282051282 0.01758555133079848
2 0.48669871794871794 0.6640922053231939 0.7528846153846154 0.06535171102661597
2 0.2065705128205128 0.716967680608365 0.14647435897435898 0.022338403041825095
2 0.4878205128205128 0.7970532319391634 0.7788461538461539 0.15161596958174905
