2 0.4639423076923077 0.02863593155893536 0.30480769230769234 0.027328897338403043
2 0.4634615384615385 0.0899477186311787 0.8141025641025641 0.04491444866920152
2 0.8318910256410257 0.022100760456273766 0.047115384615384615 0.013783269961977186
2 0.8419871794871795 0.05477661596958175 0.05128205128205128 0.021625475285171104
2 0.8421474358974359 0.18120247148288973 0.04455128205128205 0.01449619771863118
2 0.23669871794871794 0.13640684410646386 0.3105769230769231 0.02423954372623574
2 0.39375 0.15529942965779467 0.6073717948717948 0.02685361216730038
2 0.18717948717948718 0.21506653992395436 0.2 0.0185361216730038
2 0.4639423076923077 0.342324144486692 0.8131410256410256 0.06820342205323193
3 0.4560897435897436 0.18524239543726237 0.3243589743589744 0.03588403041825095
3 0.45368589743589743 0.250712927756654 0.3400641025641026 0.03897338403041825
3 0.4479166666666667 0.29325095057034223 0.528525641025641 0.03612167300380228
3 0.4567307692307692 0.39615019011406843 0.2923076923076923 0.03612167300380228
3 0.4517628205128205 0.43215304182509506 0.1971153846153846 0.03968631178707224
3 0.4530448717948718 0.4928707224334601 0.19647435897435897 0.03849809885931559
3 0.2900641025641026 0.5986216730038023 0.25833333333333336 0.0370722433460076
3 0.4205128205128205 0.6347433460076045 0.47435897435897434 0.03944866920152091
3 0.3746794871794872 0.6675380228136882 0.391025641025641 0.04467680608365019
2 0.07451923076923077 0.4617395437262357 0.01826923076923077 0.019961977186311788
2 0.46073717948717946 0.5310123574144486 0.8163461538461538 0.046340304182509506
2 0.4389423076923077 0.5629752851711026 0.7112179487179487 0.02091254752851711
2 0.3871794871794872 0.6986692015209125 0.6410256410256411 0.025190114068441065
3 0.4516025641025641 0.7192252851711026 0.1967948717948718 0.024477186311787073
0 0.3682692307692308 0.7432271863117871 0.5467948717948717 0.0278041825095057
3 0.45224358974358975 0.782675855513308 0.20256410256410257 0.06772813688212928
2 0.46971153846153846 0.8597908745247148 0.8118589743589744 0.0903041825095057
2 0.8427884615384615 0.3925855513307985 0.04775641025641025 0.02376425855513308
2 0.8432692307692308 0.4298954372623574 0.05448717948717949 0.014733840304182509
2 0.8403846153846154 0.4900190114068441 0.052564102564102565 0.02138783269961977
2 0.8434294871794872 0.7207699619771863 0.052884615384615384 0.021863117870722433
2 0.8439102564102564 0.7860028517110266 0.05 0.019724334600760455
