2 0.4782051282051282 0.04515209125475285 0.19487179487179487 0.02376425855513308
2 0.8315705128205129 0.049429657794676805 0.04391025641025641 0.015209125475285171
2 0.4705128205128205 0.1133555133079848 0.7923076923076923 0.11977186311787072
2 0.4738782051282051 0.21863117870722434 0.7977564102564103 0.11739543726235742
2 0.2641025641025641 0.2939638783269962 0.31153846153846154 0.029467680608365018
2 0.46121794871794874 0.3571768060836502 0.7987179487179488 0.08745247148288973
2 0.26314102564102565 0.42573669201520914 0.31987179487179485 0.0439638783269962
2 0.4371794871794872 0.4827709125475285 0.7352564102564103 0.024952471482889732
2 0.46025641025641023 0.5633317490494296 0.7923076923076923 0.0439638783269962
3 0.45737179487179486 0.45853136882129275 0.18333333333333332 0.015922053231939164
3 0.45913461538461536 0.5173479087452472 0.24583333333333332 0.0408745247148289
3 0.4599358974358974 0.5956511406844106 0.22435897435897437 0.01782319391634981
3 0.45753205128205127 0.6424667300380228 0.23942307692307693 0.018773764258555134
2 0.2608974358974359 0.6166825095057035 0.38782051282051283 0.019011406844106463
2 0.41169871794871793 0.6659933460076045 0.6842948717948718 0.023051330798479087
2 0.8269230769230769 0.6453184410646388 0.057692307692307696 0.017347908745247147
2 0.26778846153846153 0.6952233840304183 0.3349358974358974 0.018298479087452472
2 0.45913461538461536 0.7580798479087453 0.7907051282051282 0.10931558935361217
2 0.4565705128205128 0.8867633079847909 0.794551282051282 0.05489543726235741
2 0.8302884615384616 0.5199619771863118 0.052884615384615384 0.02376425855513308
2 0.8274038461538461 0.5995722433460076 0.052884615384615384 0.01806083650190114
2 0.8294871794871795 0.4607889733840304 0.05576923076923077 0.016159695817490494
