2 0.4969551282051282 0.07319391634980989 0.20288461538461539 0.022338403041825095
2 0.12307692307692308 0.10384980988593155 0.03397435897435897 0.017110266159695818
2 0.2745192307692308 0.16432984790874525 0.32532051282051283 0.025903041825095056
2 0.8302884615384616 0.0724809885931559 0.04519230769230769 0.017110266159695818
2 0.847275641025641 0.1286834600760456 0.05673076923076923 0.01782319391634981
2 0.847275641025641 0.19213403041825095 0.05096153846153846 0.024952471482889732
2 0.8487179487179487 0.23288973384030418 0.04807692307692308 0.019011406844106463
2 0.12467948717948718 0.26295152091254753 0.021794871794871794 0.01211977186311787
2 0.49423076923076925 0.3356701520912547 0.7814102564102564 0.042538022813688216
2 0.27355769230769234 0.4072005703422053 0.3349358974358974 0.02923003802281369
2 0.8485576923076923 0.37345532319391633 0.05608974358974359 0.024477186311787073
2 0.8480769230769231 0.43868821292775667 0.046153846153846156 0.019486692015209126
2 0.49423076923076925 0.5034458174904943 0.7705128205128206 0.11240494296577946
3 0.4780448717948718 0.13616920152091255 0.20032051282051283 0.03374524714828897
3 0.49006410256410254 0.19617395437262358 0.31858974358974357 0.037785171102661594
3 0.4894230769230769 0.2387119771863118 0.3153846153846154 0.04586501901140684
3 0.48333333333333334 0.29230038022813687 0.32564102564102565 0.04134980988593156
3 0.48685897435897435 0.3773764258555133 0.23076923076923078 0.0470532319391635
3 0.4809294871794872 0.44106463878326996 0.5407051282051282 0.04467680608365019
0 0.49262820512820515 0.7024714828897338 0.7294871794871794 0.2747148288973384
2 0.4935897435897436 0.8906844106463878 0.7846153846153846 0.03279467680608365
