2 0.5 0.06107414448669202 0.20064102564102565 0.01758555133079848
1 0.5044871794871795 0.13961501901140685 0.7698717948717949 0.08103612167300381
2 0.8463141025641026 0.05655893536121673 0.03173076923076923 0.01758555133079848
2 0.8241987179487179 0.0906606463878327 0.049679487179487176 0.012595057034220532
2 0.5043269230769231 0.19759980988593157 0.7439102564102564 0.018298479087452472
1 0.5006410256410256 0.30929182509505704 0.7512820512820513 0.1998574144486692
1 0.5078525641025641 0.4916825095057034 0.7708333333333334 0.14543726235741444
2 0.21394230769230768 0.5945817490494296 0.19775641025641025 0.026615969581749048
1 0.5041666666666667 0.8016872623574145 0.7826923076923077 0.1490019011406844
1 0.7700320512820513 0.688212927756654 0.2189102564102564 0.06844106463878327
1 0.5125 0.6329610266159695 0.7467948717948718 0.022576045627376425
1 0.38237179487179485 0.6873811787072244 0.5326923076923077 0.08103612167300381
