2 0.4879807692307692 0.06855988593155893 0.21121794871794872 0.027328897338403043
2 0.8371794871794872 0.07307509505703422 0.04807692307692308 0.02115019011406844
3 0.4766025641025641 0.11288022813688213 0.47115384615384615 0.04752851711026616
3 0.4780448717948718 0.16813212927756654 0.46826923076923077 0.04206273764258555
3 0.475 0.22552281368821292 0.5006410256410256 0.03802281368821293
3 0.48221153846153847 0.27637832699619774 0.2266025641025641 0.03849809885931559
3 0.4700320512820513 0.32307509505703425 0.20544871794871794 0.025903041825095056
3 0.4774038461538462 0.41230988593155893 0.4637820512820513 0.039923954372623575
3 0.4737179487179487 0.4714828897338403 0.3544871794871795 0.04467680608365019
2 0.17548076923076922 0.13533745247148288 0.14262820512820512 0.016872623574144485
2 0.45528846153846153 0.1918963878326996 0.7022435897435897 0.03065589353612167
2 0.846474358974359 0.1115731939163498 0.04807692307692308 0.022100760456273766
2 0.8431089743589744 0.16646863117870722 0.04903846153846154 0.01497148288973384
2 0.8442307692307692 0.22611692015209126 0.05064102564102564 0.018298479087452472
2 0.847275641025641 0.2799429657794677 0.05673076923076923 0.02091254752851711
2 0.8427884615384615 0.32461977186311786 0.05032051282051282 0.02091254752851711
2 0.2592948717948718 0.30097433460076045 0.3141025641025641 0.022576045627376425
2 0.4831730769230769 0.3622861216730038 0.7650641025641025 0.06202471482889734
2 0.4219551282051282 0.4402328897338403 0.6451923076923077 0.032081749049429654
2 0.48846153846153845 0.5114068441064639 0.7929487179487179 0.05180608365019011
2 0.8392628205128205 0.4131416349809886 0.055448717948717946 0.01449619771863118
2 0.847275641025641 0.4704134980988593 0.06442307692307692 0.023051330798479087
2 0.2378205128205128 0.5512119771863118 0.2230769230769231 0.02352661596958175
2 0.48669871794871794 0.6019486692015209 0.7721153846153846 0.08460076045627377
0 0.35144230769230766 0.7572480988593155 0.29583333333333334 0.2145912547528517
0 0.6472756410256411 0.7599809885931559 0.29775641025641025 0.22433460076045628
2 0.5084935897435897 0.8836739543726235 0.5996794871794872 0.021625475285171104
