2 0.4894230769230769 0.07200570342205323 0.22884615384615384 0.02328897338403042
2 0.4876602564102564 0.11002851711026616 0.7400641025641026 0.04182509505703422
2 0.4876602564102564 0.16765684410646386 0.7471153846153846 0.04729087452471483
2 0.48493589743589743 0.24560361216730037 0.7711538461538462 0.042538022813688216
3 0.46634615384615385 0.14211026615969582 0.1673076923076923 0.019011406844106463
3 0.4724358974358974 0.20793726235741444 0.4403846153846154 0.03754752851711027
3 0.4780448717948718 0.28279467680608367 0.39647435897435895 0.029467680608365018
2 0.4858974358974359 0.34980988593155893 0.7551282051282051 0.10503802281368821
2 0.7033653846153847 0.34077946768060835 0.29455128205128206 0.08079847908745247
0 0.25112179487179487 0.5415874524714829 0.2516025641025641 0.21245247148288973
0 0.657051282051282 0.5255465779467681 0.4705128205128205 0.2416825095057034
2 0.8306089743589744 0.27768536121673004 0.06698717948717949 0.018773764258555134
2 0.8334935897435898 0.20520437262357413 0.06314102564102564 0.022576045627376425
2 0.8283653846153847 0.1370009505703422 0.06570512820512821 0.025903041825095056
2 0.2782051282051282 0.6588640684410646 0.22179487179487178 0.02637832699619772
2 0.6657051282051282 0.6547053231939164 0.23397435897435898 0.025665399239543727
2 0.30625 0.68393536121673 0.321474358974359 0.02376425855513308
3 0.48541666666666666 0.714115969581749 0.3894230769230769 0.04467680608365019
2 0.4951923076923077 0.7741207224334601 0.7833333333333333 0.08388783269961977
2 0.503525641025641 0.8668013307984791 0.7461538461538462 0.06012357414448669
2 0.8381410256410257 0.7122148288973384 0.06923076923076923 0.01758555133079848
