2 0.5306165540540541 0.18393536121673004 0.7934966216216217 0.07319391634980989
2 0.07960304054054054 0.07081749049429657 0.10008445945945947 0.014258555133079848
2 0.5409628378378378 0.2599809885931559 0.7761824324324325 0.05798479087452472
0 0.21199324324324326 0.44237167300380226 0.35472972972972977 0.2654467680608365
2 0.46368243243243246 0.44379752851711024 0.13344594594594594 0.27019961977186313
2 0.739231418918919 0.32414448669201523 0.390625 0.02994296577946768
2 0.7366976351351352 0.4151615969581749 0.3788006756756757 0.13165399239543726
2 0.34776182432432434 0.59375 0.36359797297297297 0.023051330798479087
2 0.3456503378378379 0.6693203422053232 0.36782094594594594 0.10480038022813688
2 0.7331081081081081 0.6962927756653993 0.3775337837837838 0.11787072243346007
2 0.7333192567567568 0.6071768060836502 0.3762668918918919 0.02423954372623574
2 0.7352195945945946 0.5387357414448669 0.37246621621621623 0.09220532319391635
2 0.10494087837837839 0.8432747148288974 0.09923986486486487 0.012595057034220532
