2 0.45544871794871794 0.06535171102661597 0.1673076923076923 0.019486692015209126
2 0.7977564102564103 0.062143536121673004 0.03461538461538462 0.012595057034220532
2 0.4600961538461538 0.1095532319391635 0.7509615384615385 0.040399239543726234
2 0.29439102564102565 0.15434885931558937 0.3701923076923077 0.022576045627376425
2 0.4551282051282051 0.18037072243346008 0.676923076923077 0.021863117870722433
2 0.45881410256410254 0.26390209125475284 0.7612179487179487 0.06297528517110267
2 0.4636217948717949 0.39377376425855515 0.7676282051282052 0.12357414448669202
3 0.45032051282051283 0.31665874524714827 0.30512820512820515 0.03873574144486692
3 0.4443910256410256 0.21197718631178708 0.28557692307692306 0.03849809885931559
2 0.815224358974359 0.2067490494296578 0.05480769230769231 0.016634980988593156
2 0.8213141025641025 0.3104800380228137 0.04583333333333333 0.018773764258555134
2 0.28028846153846154 0.49631653992395436 0.3875 0.0339828897338403
2 0.3248397435897436 0.53481463878327 0.4048076923076923 0.025427756653992394
2 0.28349358974358974 0.5654705323193916 0.328525641025641 0.02115019011406844
2 0.4733974358974359 0.6131178707224335 0.7647435897435897 0.06463878326996197
2 0.10352564102564102 0.6956986692015209 0.01858974358974359 0.017347908745247147
3 0.45897435897435895 0.6659933460076045 0.11025641025641025 0.039211026615969584
3 0.461698717948718 0.721245247148289 0.09647435897435898 0.03564638783269962
3 0.4671474358974359 0.8388783269961977 0.3112179487179487 0.02614068441064639
2 0.46971153846153846 0.748930608365019 0.760576923076923 0.02352661596958175
2 0.4344551282051282 0.8138070342205324 0.6099358974358975 0.025903041825095056
2 0.8394230769230769 0.8349572243346007 0.05 0.018298479087452472
2 0.8399038461538462 0.7161359315589354 0.05352564102564102 0.022100760456273766
2 0.8334935897435898 0.659458174904943 0.049679487179487176 0.02091254752851711
2 0.48365384615384616 0.8957937262357415 0.7775641025641026 0.03635931558935361
2 0.21490384615384617 0.7856463878326996 0.17724358974358975 0.024714828897338403
