2 0.5129807692307692 0.08483840304182509 0.19134615384615383 0.025190114068441065
2 0.27115384615384613 0.1342680608365019 0.26794871794871794 0.030418250950570342
2 0.5121794871794871 0.2156606463878327 0.7551282051282051 0.11192965779467681
2 0.8495192307692307 0.08590779467680608 0.04006410256410257 0.012595057034220532
2 0.41634615384615387 0.2810123574144487 0.49038461538461536 0.025903041825095056
2 0.5166666666666667 0.3688212927756654 0.7653846153846153 0.15874524714828897
0 0.3959935897435897 0.5541825095057035 0.2778846153846154 0.20342205323193915
0 0.6669871794871794 0.5569153992395437 0.26987179487179486 0.20270912547528516
0 0.6671474358974359 0.7577233840304183 0.2676282051282051 0.20033269961977188
0 0.39503205128205127 0.7577233840304183 0.2669871794871795 0.20033269961977188
2 0.5089743589743589 0.8846245247148289 0.7711538461538462 0.04443916349809886
