2 0.477724358974359 0.08590779467680608 0.26955128205128204 0.023051330798479087
2 0.28846153846153844 0.11620722433460076 0.34615384615384615 0.022813688212927757
2 0.46650641025641026 0.13878326996197718 0.0907051282051282 0.019486692015209126
2 0.47644230769230766 0.16611216730038023 0.7304487179487179 0.043726235741444866
2 0.23012820512820512 0.20211501901140685 0.18333333333333332 0.022100760456273766
2 0.4794871794871795 0.250712927756654 0.7423076923076923 0.08365019011406843
2 0.47676282051282054 0.33887832699619774 0.7310897435897435 0.10218631178707224
2 0.8070512820512821 0.08329372623574144 0.03076923076923077 0.016397338403041826
0 0.32099358974358977 0.48716730038022815 0.2881410256410256 0.16587452471482889
0 0.6096153846153847 0.4935836501901141 0.2621794871794872 0.1905893536121673
2 0.4655448717948718 0.6032557034220533 0.7342948717948717 0.04063688212927757
0 0.23814102564102563 0.714472433460076 0.2692307692307692 0.17799429657794677
0 0.48541666666666666 0.7149477186311787 0.22724358974358974 0.1760931558935361
0 0.7189102564102564 0.720175855513308 0.23525641025641025 0.1836977186311787
2 0.46314102564102566 0.845532319391635 0.7416666666666667 0.06416349809885931
