2 0.47596153846153844 0.051211977186311784 0.1782051282051282 0.015922053231939164
2 0.8216346153846154 0.043726235741444866 0.04519230769230769 0.01806083650190114
2 0.8387820512820513 0.14234790874524714 0.047435897435897434 0.022338403041825095
2 0.4846153846153846 0.2959838403041825 0.7762820512820513 0.12999049429657794
3 0.4623397435897436 0.08780893536121673 0.321474358974359 0.028279467680608364
3 0.48669871794871794 0.12369296577946769 0.2708333333333333 0.03968631178707224
3 0.4857371794871795 0.16575570342205323 0.27275641025641023 0.03873574144486692
3 0.44166666666666665 0.2067490494296578 0.17756410256410257 0.03897338403041825
0 0.5181089743589744 0.41646863117870725 0.5349358974358974 0.10052281368821293
0 0.5195512820512821 0.5242395437262357 0.5230769230769231 0.1126425855513308
0 0.5197115384615385 0.6359315589353612 0.521474358974359 0.1088403041825095
0 0.5264423076923077 0.748217680608365 0.5221153846153846 0.10765209125475285
2 0.5006410256410256 0.8185598859315589 0.6666666666666666 0.020199619771863117
2 0.5043269230769231 0.8877138783269962 0.7907051282051282 0.035408745247148286
