2 0.46030405405405406 0.09517585551330798 0.24155405405405406 0.023051330798479087
2 0.8574746621621622 0.09291825095057034 0.12457770270270271 0.024714828897338403
2 0.07305743243243244 0.0992157794676806 0.13766891891891891 0.024952471482889732
2 0.4655827702702703 0.14686311787072243 0.7284628378378378 0.030893536121673004
2 0.46410472972972977 0.1800142585551331 0.2795608108108108 0.021625475285171104
2 0.46537162162162166 0.1958174904942966 0.6494932432432433 0.013783269961977186
2 0.469383445945946 0.25190114068441066 0.8272804054054055 0.0803231939163498
2 0.2977195945945946 0.2984790874524715 0.47466216216216217 0.012832699619771864
2 0.17947635135135137 0.3148764258555133 0.22719594594594597 0.012357414448669201
2 0.39379222972972977 0.3130941064638783 0.12204391891891893 0.012595057034220532
2 0.6488597972972974 0.3104800380228137 0.2977195945945946 0.01449619771863118
2 0.22677364864864866 0.33056083650190116 0.3268581081081081 0.014733840304182509
2 0.4750844594594595 0.35349334600760457 0.7643581081081081 0.015922053231939164
2 0.477195945945946 0.38070342205323193 0.28547297297297297 0.015209125475285171
2 0.472972972972973 0.4004277566539924 0.7896959459459459 0.029467680608365018
2 0.47930743243243246 0.4718393536121673 0.8141891891891893 0.10527566539923955
2 0.25929054054054057 0.6705085551330798 0.44932432432432434 0.2678231939163498
2 0.7117820945945946 0.6015922053231939 0.4455236486486487 0.13711977186311786
2 0.5838260135135136 0.6876188212927756 0.1744087837837838 0.015446768060836502
2 0.71875 0.7271863117870723 0.4315878378378379 0.05798479087452472
2 0.7263513513513514 0.7608127376425855 0.38597972972972977 0.013070342205323195
2 0.7217060810810811 0.7899239543726235 0.42905405405405406 0.014733840304182509
3 0.7183277027027027 0.7747148288973384 0.1106418918918919 0.013783269961977186
2 0.918918918918919 0.7742395437262357 0.02702702702702703 0.00903041825095057
2 0.22846283783783786 0.8159458174904943 0.2939189189189189 0.012595057034220532
2 0.5586993243243243 0.8140446768060836 0.31672297297297297 0.012595057034220532
2 0.5008445945945946 0.8422053231939164 0.8859797297297298 0.04325095057034221
