2 0.496474358974359 0.126069391634981 0.7557692307692307 0.05869771863117871
2 0.8293269230769231 0.07426330798479087 0.032371794871794875 0.013070342205323195
2 0.4935897435897436 0.07438212927756654 0.20192307692307693 0.02614068441064639
0 0.28894230769230766 0.23360266159695817 0.16378205128205128 0.12785171102661597
0 0.4932692307692308 0.23597908745247148 0.2403846153846154 0.1449619771863118
0 0.7254807692307692 0.23633555133079848 0.21634615384615385 0.12476235741444867
0 0.28685897435897434 0.3998336501901141 0.17435897435897435 0.17942015209125475
0 0.4913461538461538 0.39365494296577946 0.1782051282051282 0.16135931558935362
0 0.7024038461538461 0.4093393536121673 0.16506410256410256 0.12143536121673004
2 0.14342948717948717 0.5005941064638784 0.06506410256410257 0.018773764258555134
2 0.5326923076923077 0.5177043726235742 0.7096153846153846 0.06012357414448669
0 0.32708333333333334 0.623930608365019 0.19903846153846153 0.14852661596958175
0 0.5245192307692308 0.6215541825095057 0.1951923076923077 0.1490019011406844
0 0.7227564102564102 0.6222671102661597 0.2 0.15042775665399238
0 0.7206730769230769 0.7722195817490495 0.20352564102564102 0.15090304182509506
0 0.3269230769230769 0.7728136882129277 0.19807692307692307 0.14781368821292776
0 0.524198717948718 0.7694866920152091 0.1971153846153846 0.14543726235741444
2 0.14166666666666666 0.8599096958174904 0.05961538461538462 0.017347908745247147
2 0.5338141025641026 0.8677519011406845 0.7189102564102564 0.037785171102661594
