2 0.44182692307692306 0.06309410646387832 0.17916666666666667 0.018773764258555134
2 0.7713141025641026 0.059529467680608364 0.033012820512820513 0.015922053231939164
2 0.44326923076923075 0.1295152091254753 0.732051282051282 0.0903041825095057
0 0.44471153846153844 0.283388783269962 0.6278846153846154 0.20128326996197718
2 0.4501602564102564 0.39436787072243346 0.6445512820512821 0.01497148288973384
0 0.2233974358974359 0.6255941064638784 0.09358974358974359 0.22552281368821292
0 0.33557692307692305 0.6150190114068441 0.09358974358974359 0.4130228136882129
0 0.42243589743589743 0.6068203422053232 0.07051282051282051 0.40327946768060835
0 0.4963141025641026 0.6099096958174904 0.05480769230769231 0.40993346007604564
0 0.5586538461538462 0.6082461977186312 0.06987179487179487 0.4061311787072243
0 0.6155448717948718 0.6149001901140685 0.03878205128205128 0.3928231939163498
0 0.6990384615384615 0.6093155893536122 0.06794871794871794 0.4096958174904943
2 0.46650641025641026 0.841967680608365 0.7278846153846154 0.0408745247148289
