2 0.44567307692307695 0.05964828897338403 0.28685897435897434 0.028517110266159697
2 0.44567307692307695 0.14543726235741444 0.7842948717948718 0.14591254752851712
2 0.7974358974358975 0.06618346007604563 0.04230769230769231 0.014020912547528517
0 0.19166666666666668 0.3203422053231939 0.2705128205128205 0.21435361216730037
0 0.5219551282051282 0.3258079847908745 0.3548076923076923 0.18203422053231938
0 0.7650641025641025 0.3287785171102662 0.14871794871794872 0.20888783269961977
2 0.44583333333333336 0.4794439163498099 0.7891025641025641 0.0439638783269962
2 0.441025641025641 0.5476473384030418 0.7807692307692308 0.09386882129277567
2 0.7125 0.6352186311787072 0.2205128205128205 0.046102661596958174
2 0.44567307692307695 0.7024714828897338 0.7939102564102564 0.049429657794676805
2 0.44182692307692306 0.7459600760456274 0.7842948717948718 0.04657794676806084
3 0.4357371794871795 0.6707461977186312 0.18365384615384617 0.022576045627376425
3 0.43798076923076923 0.7913498098859315 0.2092948717948718 0.04230038022813688
2 0.29759615384615384 0.845532319391635 0.503525641025641 0.0655893536121673
2 0.6878205128205128 0.844819391634981 0.26794871794871794 0.05750950570342205
2 0.4498397435897436 0.8913973384030418 0.8112179487179487 0.03136882129277566
2 0.3262820512820513 0.6269011406844106 0.5493589743589744 0.06511406844106464
