2 0.46778846153846154 0.05846007604562738 0.24006410256410257 0.01806083650190114
2 0.8075320512820513 0.06273764258555133 0.03942307692307692 0.012357414448669201
0 0.4671474358974359 0.1315351711026616 0.1548076923076923 0.10717680608365018
0 0.4668269230769231 0.2221958174904943 0.2125 0.0741444866920152
0 0.4673076923076923 0.312856463878327 0.3019230769230769 0.10907794676806083
2 0.4658653846153846 0.38818916349809884 0.7721153846153846 0.032081749049429654
2 0.2205128205128205 0.43940114068441066 0.2064102564102564 0.013783269961977186
2 0.46634615384615385 0.4778992395437262 0.7711538461538462 0.057034220532319393
2 0.4674679487179487 0.564995247148289 0.7721153846153846 0.10622623574144487
0 0.3317307692307692 0.7431083650190115 0.30641025641025643 0.23241444866920152
0 0.6381410256410256 0.7426330798479087 0.30641025641025643 0.23193916349809887
2 0.4690705128205128 0.8817728136882129 0.8048076923076923 0.04206273764258555
