2 0.4814102564102564 0.052519011406844104 0.20705128205128204 0.019961977186311788
2 0.8477564102564102 0.052519011406844104 0.03653846153846154 0.01188212927756654
2 0.6969551282051282 0.2067490494296578 0.4157051282051282 0.21245247148288973
2 0.42291666666666666 0.07949144486692016 0.6932692307692307 0.03493346007604563
2 0.2708333333333333 0.28659695817490494 0.34615384615384615 0.02043726235741445
2 0.3663461538461538 0.31784695817490494 0.5974358974358974 0.02067490494296578
0 0.2673076923076923 0.187856463878327 0.40512820512820513 0.17751901140684412
2 0.2626602564102564 0.34778992395437264 0.31314102564102564 0.019724334600760455
2 0.48157051282051283 0.41183460076045625 0.8182692307692307 0.11216730038022814
2 0.2153846153846154 0.5490731939163498 0.29423076923076924 0.019724334600760455
2 0.35 0.6410408745247148 0.5455128205128205 0.025427756653992394
2 0.26346153846153847 0.7305133079847909 0.383974358974359 0.02043726235741445
3 0.4738782051282051 0.5023764258555133 0.22788461538461538 0.05750950570342205
3 0.47147435897435896 0.5936311787072244 0.2948717948717949 0.06368821292775666
3 0.47259615384615383 0.6865494296577946 0.2387820512820513 0.06226235741444867
3 0.47147435897435896 0.7712690114068441 0.3096153846153846 0.06012357414448669
2 0.47708333333333336 0.8355513307984791 0.819551282051282 0.06416349809885931
3 0.4791666666666667 0.8991207224334601 0.14615384615384616 0.061549429657794676
