2 0.46875 0.051924904942965776 0.2759615384615385 0.025903041825095056
2 0.2844551282051282 0.08293726235741444 0.3112179487179487 0.02091254752851711
2 0.25817307692307695 0.1671815589353612 0.27339743589743587 0.02685361216730038
2 0.801923076923077 0.05655893536121673 0.03974358974358974 0.013307984790874524
2 0.8145833333333333 0.11739543726235742 0.0483974358974359 0.019011406844106463
3 0.46121794871794874 0.11620722433460076 0.28397435897435896 0.04515209125475285
3 0.4578525641025641 0.19938212927756654 0.128525641025641 0.03849809885931559
3 0.45865384615384613 0.2705560836501901 0.24166666666666667 0.027328897338403043
3 0.46041666666666664 0.341967680608365 0.13942307692307693 0.02328897338403042
2 0.475801282051282 0.23431558935361216 0.705448717948718 0.04657794676806084
2 0.8115384615384615 0.20045152091254753 0.04423076923076923 0.014020912547528517
2 0.8102564102564103 0.2742395437262357 0.04551282051282051 0.019011406844106463
2 0.24102564102564103 0.3193916349809886 0.22115384615384615 0.025190114068441065
2 0.2621794871794872 0.2950332699619772 0.22564102564102564 0.028754752851711026
2 0.3995192307692308 0.1469819391634981 0.496474358974359 0.025903041825095056
2 0.4879807692307692 0.37024714828897337 0.6842948717948718 0.04325095057034221
2 0.8067307692307693 0.342680608365019 0.052564102564102565 0.01758555133079848
0 0.4735576923076923 0.4391634980988593 0.5682692307692307 0.10551330798479087
0 0.475801282051282 0.5427756653992395 0.569551282051282 0.10361216730038023
2 0.46105769230769234 0.6005228136882129 0.32532051282051283 0.019011406844106463
2 0.2594551282051282 0.6308222433460076 0.2721153846153846 0.024952471482889732
2 0.39342948717948717 0.652328897338403 0.5419871794871794 0.01758555133079848
2 0.47291666666666665 0.6840541825095057 0.7041666666666667 0.0401615969581749
2 0.3907051282051282 0.7134030418250951 0.5429487179487179 0.0185361216730038
3 0.44887820512820514 0.7879039923954373 0.19006410256410255 0.13379277566539924
