2 0.43982263513513514 0.23277091254752852 0.1397804054054054 0.019724334600760455
2 0.5 0.2648526615969582 0.2719594594594595 0.046815589353612165
2 0.582347972972973 0.15945817490494296 0.13851351351351351 0.009980988593155894
2 0.5063344594594595 0.3833174904942966 0.27111486486486486 0.1644486692015209
2 0.7263513513513514 0.32461977186311786 0.14273648648648649 0.009980988593155894
0 0.8086993243243243 0.3966254752851711 0.31841216216216217 0.13498098859315588
0 0.1879222972972973 0.3330560836501901 0.24070945945945948 0.218393536121673
2 0.12880067567567569 0.5395674904942965 0.03800675675675676 0.013070342205323195
2 0.24092060810810811 0.6046815589353612 0.26055743243243246 0.11763307984790874
2 0.24514358108108109 0.7376425855513308 0.2521114864864865 0.12357414448669202
2 0.5141469594594595 0.5567965779467681 0.2546452702702703 0.028517110266159697
2 0.5145692567567568 0.6366444866920152 0.25548986486486486 0.10503802281368821
2 0.5162584459459459 0.7456036121673004 0.2546452702702703 0.09244296577946769
0 0.7831503378378378 0.656962927756654 0.2521114864864865 0.31535171102661597
2 0.20122466216216217 0.8548003802281369 0.15160472972972974 0.015209125475285171
