2 0.09332770270270271 0.09173003802281368 0.07685810810810811 0.013307984790874524
2 0.5114020270270271 0.09933460076045628 0.41216216216216217 0.02091254752851711
2 0.8933699324324325 0.10563212927756654 0.03589527027027027 0.006891634980988593
2 0.488597972972973 0.11929657794676805 0.29476351351351354 0.016634980988593156
2 0.49197635135135137 0.1342680608365019 0.46452702702702703 0.017110266159695818
1 0.48247466216216217 0.2414448669201521 0.859375 0.20960076045627377
1 0.4869087837837838 0.6682509505703422 0.8893581081081081 0.217680608365019
2 0.4769847972972973 0.7869534220532319 0.8517736486486487 0.02685361216730038
2 0.48838682432432434 0.5373098859315589 0.32221283783783783 0.016159695817490494
2 0.48564189189189194 0.5534695817490495 0.38513513513513514 0.012357414448669201
2 0.18728885135135137 0.3657319391634981 0.25717905405405406 0.01568441064638783
2 0.7090371621621622 0.437856463878327 0.41891891891891897 0.1637357414448669
2 0.26921452702702703 0.44973859315589354 0.42103040540540543 0.13521863117870722
