3 0.509775641025641 0.11394961977186312 0.22916666666666666 0.04538973384030418
2 0.5201923076923077 0.07034220532319392 0.23461538461538461 0.022338403041825095
2 0.8657051282051282 0.07307509505703422 0.058333333333333334 0.018298479087452472
2 0.8799679487179487 0.1150190114068441 0.05096153846153846 0.019486692015209126
2 0.5286858974358974 0.15339828897338403 0.7817307692307692 0.04206273764258555
2 0.16153846153846155 0.23170152091254753 0.06794871794871794 0.013783269961977186
2 0.5262820512820513 0.2959838403041825 0.7615384615384615 0.03065589353612167
3 0.5165064102564103 0.20556083650190113 0.253525641025641 0.05228136882129278
3 0.5121794871794871 0.2652091254752852 0.19615384615384615 0.04325095057034221
3 0.5168269230769231 0.32438212927756654 0.20737179487179488 0.03564638783269962
2 0.5341346153846154 0.3608602661596958 0.7932692307692307 0.05394486692015209
2 0.3434294871794872 0.3985266159695817 0.36506410256410254 0.02709125475285171
2 0.5256410256410257 0.46542300380228135 0.7884615384615384 0.10622623574144487
0 0.38461538461538464 0.6336739543726235 0.3038461538461538 0.22362167300380228
0 0.6983974358974359 0.6368821292775665 0.30448717948717946 0.23193916349809887
2 0.15897435897435896 0.7599809885931559 0.05448717948717949 0.02043726235741445
2 0.5362179487179487 0.7647338403041825 0.6884615384615385 0.02328897338403042
2 0.2501602564102564 0.8206986692015209 0.23301282051282052 0.03445817490494297
2 0.44919871794871796 0.8620484790874524 0.5733974358974359 0.020199619771863117
2 0.8817307692307692 0.2022338403041825 0.05961538461538462 0.02376425855513308
2 0.8817307692307692 0.2634268060836502 0.05576923076923077 0.020199619771863117
2 0.8775641025641026 0.32295627376425856 0.05384615384615385 0.019011406844106463
