2 0.465224358974359 0.11585076045627377 0.7541666666666667 0.020199619771863117
2 0.37756410256410255 0.16801330798479086 0.5769230769230769 0.06844106463878327
2 0.4831730769230769 0.21791825095057035 0.7823717948717949 0.039923954372623575
2 0.23798076923076922 0.26829847908745247 0.303525641025641 0.05228136882129278
2 0.48830128205128204 0.31368821292775667 0.7817307692307692 0.03849809885931559
2 0.2969551282051282 0.344106463878327 0.41955128205128206 0.022338403041825095
2 0.44727564102564105 0.39234790874524716 0.7086538461538462 0.07271863117870722
2 0.48830128205128204 0.47374049429657794 0.7887820512820513 0.09291825095057034
2 0.34134615384615385 0.5349334600760456 0.4987179487179487 0.02091254752851711
2 0.30112179487179486 0.5817490494296578 0.42596153846153845 0.06416349809885931
2 0.4826923076923077 0.690708174904943 0.7775641025641026 0.15090304182509506
2 0.33044871794871794 0.779467680608365 0.48653846153846153 0.019486692015209126
2 0.4894230769230769 0.8273526615969582 0.8051282051282052 0.07961026615969581
2 0.24310897435897436 0.8784458174904943 0.3176282051282051 0.018773764258555134
2 0.3501602564102564 0.8986454372623575 0.5375 0.023051330798479087
2 0.46474358974358976 0.04146863117870722 0.17435897435897435 0.016872623574144485
2 0.8216346153846154 0.03695342205323194 0.04903846153846154 0.017347908745247147
2 0.10705128205128205 0.08341254752851711 0.06217948717948718 0.025190114068441065
