2 0.45368589743589743 0.07034220532319392 0.16121794871794873 0.017110266159695818
0 0.6453525641025641 0.18607414448669202 0.3528846153846154 0.19391634980988592
2 0.6455128205128206 0.313925855513308 0.3506410256410256 0.05798479087452472
2 0.7895833333333333 0.07355038022813688 0.027884615384615386 0.013545627376425855
2 0.275 0.22065114068441063 0.367948717948718 0.2530893536121673
2 0.45544871794871794 0.41908269961977185 0.7339743589743589 0.14234790874524714
0 0.4480769230769231 0.5522813688212928 0.5948717948717949 0.12927756653992395
0 0.4485576923076923 0.6905893536121673 0.5939102564102564 0.14591254752851712
2 0.45592948717948717 0.8170152091254753 0.7509615384615385 0.039923954372623575
2 0.4581730769230769 0.8664448669201521 0.753525641025641 0.04325095057034221
