2 0.42083333333333334 0.05216254752851711 0.19230769230769232 0.022576045627376425
2 0.7616987179487179 0.0497861216730038 0.03108974358974359 0.018773764258555134
2 0.4182692307692308 0.09184885931558935 0.7596153846153846 0.03493346007604563
0 0.2514423076923077 0.21375950570342206 0.3528846153846154 0.19700570342205323
0 0.6003205128205128 0.21447243346007605 0.34102564102564104 0.1984315589353612
2 0.42403846153846153 0.35076045627376423 0.7634615384615384 0.040399239543726234
2 0.428525641025641 0.43631178707224333 0.7615384615384615 0.12357414448669202
0 0.430448717948718 0.5377851711026616 0.566025641025641 0.07271863117870722
2 0.43509615384615385 0.5854325095057035 0.4753205128205128 0.01782319391634981
0 0.22275641025641027 0.7292062737642585 0.3076923076923077 0.2564163498098859
2 0.2391025641025641 0.8843868821292775 0.36923076923076925 0.05679657794676806
0 0.596474358974359 0.720888783269962 0.42628205128205127 0.24263307984790874
2 0.6283653846153846 0.8626425855513308 0.40352564102564104 0.03944866920152091
