2 0.5160256410256411 0.07224334600760456 0.16987179487179488 0.025190114068441065
2 0.8554487179487179 0.07568916349809886 0.05448717948717949 0.012595057034220532
2 0.5123397435897435 0.3266397338403042 0.7560897435897436 0.05442015209125475
2 0.5213141025641026 0.38105988593155893 0.7644230769230769 0.039211026615969584
0 0.3868589743589744 0.5185361216730038 0.29423076923076924 0.2214828897338403
0 0.6815705128205128 0.5163973384030418 0.29134615384615387 0.22433460076045628
2 0.5189102564102565 0.6397338403041825 0.7314102564102564 0.016634980988593156
2 0.2639423076923077 0.6911834600760456 0.253525641025641 0.024477186311787073
2 0.5184294871794872 0.7432271863117871 0.7663461538461539 0.039211026615969584
2 0.3110576923076923 0.78481463878327 0.2875 0.024477186311787073
2 0.47275641025641024 0.8165399239543726 0.6166666666666667 0.02091254752851711
2 0.8724358974358974 0.8470769961977186 0.06217948717948718 0.023051330798479087
2 0.1578525641025641 0.8777328897338403 0.058653846153846154 0.024477186311787073
3 0.5118589743589743 0.847671102661597 0.47435897435897434 0.034220532319391636
