2 0.41586538461538464 0.03576520912547528 0.1875 0.021625475285171104
2 0.7650641025641025 0.03647813688212928 0.047435897435897434 0.01164448669201521
2 0.4205128205128205 0.06820342205323193 0.7762820512820513 0.04325095057034221
0 0.6487179487179487 0.2109077946768061 0.2814102564102564 0.18702471482889735
0 0.2641025641025641 0.2073431558935361 0.4217948717948718 0.22932509505703422
2 0.42243589743589743 0.3524239543726236 0.7724358974358975 0.0594106463878327
2 0.4201923076923077 0.4138545627376426 0.7673076923076924 0.035408745247148286
1 0.4248397435897436 0.45746197718631176 0.7791666666666667 0.04182509505703422
0 0.41586538461538464 0.5692728136882129 0.3951923076923077 0.1760931558935361
3 0.31474358974358974 0.6958174904942965 0.266025641025641 0.053231939163498096
3 0.5701923076923077 0.6911834600760456 0.22628205128205128 0.048241444866920155
3 0.5620192307692308 0.7347908745247148 0.20801282051282052 0.028517110266159697
3 0.28942307692307695 0.7429895437262357 0.21474358974358973 0.0278041825095057
2 0.42948717948717946 0.7762595057034221 0.7141025641025641 0.04348859315589353
2 0.43637820512820513 0.8393536121673004 0.7682692307692308 0.0803231939163498
