2 0.47099358974358974 0.056440114068441065 0.28237179487179487 0.02923003802281369
2 0.8129807692307692 0.04836026615969582 0.04519230769230769 0.024477186311787073
2 0.739423076923077 0.093393536121673 0.2205128205128205 0.04467680608365019
2 0.3560897435897436 0.10076045627376426 0.5371794871794872 0.04420152091254753
3 0.20528846153846153 0.13367395437262358 0.1605769230769231 0.021625475285171104
3 0.2378205128205128 0.156962927756654 0.23076923076923078 0.024952471482889732
3 0.20224358974358975 0.17811311787072243 0.1717948717948718 0.02115019011406844
3 0.2764423076923077 0.2005703422053232 0.2971153846153846 0.025190114068441065
2 0.3608974358974359 0.24227661596958175 0.5352564102564102 0.06392585551330798
2 0.49743589743589745 0.3021625475285171 0.7314102564102564 0.07057984790874525
2 0.7448717948717949 0.2145912547528517 0.2141025641025641 0.09315589353612168
2 0.7504807692307692 0.35468155893536124 0.23044871794871793 0.04063688212927757
2 0.2440705128205128 0.3495722433460076 0.2233974358974359 0.02328897338403042
2 0.36041666666666666 0.372861216730038 0.4798076923076923 0.028041825095057035
3 0.4657051282051282 0.40102186311787075 0.3647435897435897 0.04443916349809886
2 0.2669871794871795 0.43381653992395436 0.22564102564102564 0.025427756653992394
2 0.3227564102564103 0.45579847908745247 0.39871794871794874 0.021863117870722433
3 0.4703525641025641 0.4859790874524715 0.253525641025641 0.04657794676806084
2 0.7533653846153846 0.5216254752851711 0.21634615384615385 0.03754752851711027
2 0.3607371794871795 0.5148526615969582 0.41442307692307695 0.02067490494296578
2 0.37948717948717947 0.5446768060836502 0.49743589743589745 0.04847908745247148
3 0.4733974358974359 0.5796102661596958 0.26153846153846155 0.028517110266159697
2 0.8442307692307692 0.3917538022813688 0.04358974358974359 0.02115019011406844
2 0.8418269230769231 0.4773051330798479 0.0516025641025641 0.023051330798479087
2 0.7334935897435897 0.6033745247148289 0.1798076923076923 0.019961977186311788
2 0.844551282051282 0.5790161596958174 0.046153846153846156 0.021625475285171104
2 0.8475961538461538 0.6277328897338403 0.03685897435897436 0.015922053231939164
2 0.3767628205128205 0.6082461977186312 0.4766025641025641 0.030180608365019013
3 0.47451923076923075 0.6324857414448669 0.12147435897435897 0.032081749049429654
2 0.2533653846153846 0.6586264258555133 0.31506410256410255 0.021625475285171104
2 0.7576923076923077 0.6724096958174904 0.22756410256410256 0.052519011406844104
2 0.7608974358974359 0.7741207224334601 0.2141025641025641 0.06725285171102661
2 0.4846153846153846 0.7355038022813688 0.7666666666666667 0.05085551330798479
3 0.37580128205128205 0.7677043726235742 0.17211538461538461 0.024477186311787073
2 0.37948717948717947 0.8012119771863118 0.5570512820512821 0.048241444866920155
3 0.4793269230769231 0.842680608365019 0.23557692307692307 0.05180608365019011
2 0.18509615384615385 0.8839115969581749 0.11570512820512821 0.02685361216730038
2 0.6165064102564103 0.6840541825095057 0.03878205128205128 0.02115019011406844
2 0.8536858974358974 0.8367395437262357 0.04519230769230769 0.025665399239543727
