2 0.45913461538461536 0.03624049429657795 0.20801282051282052 0.02115019011406844
2 0.8105769230769231 0.03564638783269962 0.05 0.013307984790874524
2 0.47676282051282054 0.0875712927756654 0.7746794871794872 0.06202471482889734
2 0.20721153846153847 0.1377138783269962 0.18685897435897436 0.028754752851711026
2 0.46875 0.17502376425855512 0.7759615384615385 0.042538022813688216
2 0.4684294871794872 0.2382366920152091 0.7740384615384616 0.08531368821292776
2 0.19423076923076923 0.3155893536121673 0.23653846153846153 0.022338403041825095
2 0.8326923076923077 0.2902804182509506 0.051923076923076926 0.017347908745247147
2 0.4639423076923077 0.3880703422053232 0.7932692307692307 0.04230038022813688
3 0.4496794871794872 0.29966730038022815 0.21602564102564104 0.025190114068441065
3 0.452724358974359 0.34743346007604564 0.21955128205128205 0.04420152091254753
3 0.4511217948717949 0.4369058935361217 0.31826923076923075 0.04966730038022814
2 0.8323717948717949 0.436074144486692 0.05897435897435897 0.016159695817490494
2 0.8334935897435898 0.5445579847908745 0.04775641025641025 0.020199619771863117
2 0.46442307692307694 0.4841967680608365 0.782051282051282 0.039211026615969584
2 0.2982371794871795 0.6006416349809885 0.4496794871794872 0.020199619771863117
2 0.4733974358974359 0.6750237642585551 0.8025641025641026 0.13141634980988592
3 0.4496794871794872 0.5485979087452472 0.2878205128205128 0.07818441064638783
2 0.45721153846153845 0.7564163498098859 0.4592948717948718 0.021863117870722433
1 0.4653846153846154 0.8331749049429658 0.5916666666666667 0.1211977186311787
