3 0.4530448717948718 0.04479562737642585 0.17147435897435898 0.018773764258555134
3 0.8016025641025641 0.04586501901140684 0.04230769230769231 0.014258555133079848
3 0.4469551282051282 0.0779467680608365 0.08557692307692308 0.01806083650190114
2 0.461698717948718 0.1675380228136882 0.7733974358974359 0.15541825095057035
3 0.4533653846153846 0.30192490494296575 0.19903846153846153 0.11097908745247148
2 0.4669871794871795 0.41884505703422054 0.7833333333333333 0.10147338403041825
2 0.7378205128205129 0.5066539923954373 0.22243589743589742 0.029467680608365018
2 0.34423076923076923 0.5129515209125475 0.5301282051282051 0.06297528517110267
2 0.17676282051282052 0.5813925855513308 0.18685897435897436 0.02400190114068441
2 0.4775641025641026 0.8145199619771863 0.7916666666666666 0.14472433460076045
2 0.8344551282051282 0.5513307984790875 0.04455128205128205 0.016634980988593156
3 0.4584935897435897 0.5565589353612167 0.16121794871794873 0.022813688212927757
3 0.4543269230769231 0.6115731939163498 0.319551282051282 0.04966730038022814
3 0.4751602564102564 0.656962927756654 0.2387820512820513 0.039211026615969584
3 0.4907051282051282 0.7022338403041825 0.266025641025641 0.03944866920152091
3 0.40897435897435896 0.7340779467680608 0.10576923076923077 0.02043726235741445
