2 0.44567307692307695 0.08780893536121673 0.18878205128205128 0.019249049429657796
2 0.7745192307692308 0.08614543726235742 0.038141025641025644 0.01449619771863118
2 0.4466346153846154 0.12452471482889733 0.7317307692307692 0.03944866920152091
0 0.47868589743589746 0.3138070342205323 0.45096153846153847 0.3291349809885932
2 0.4463141025641026 0.4998811787072243 0.7400641025641026 0.035408745247148286
2 0.18830128205128205 0.5320817490494296 0.15416666666666667 0.02043726235741445
2 0.4576923076923077 0.65268536121673 0.7653846153846153 0.21934410646387834
2 0.7169871794871795 0.7909933460076045 0.2108974358974359 0.05346958174904943
2 0.33541666666666664 0.7937262357414449 0.5221153846153846 0.060361216730038025
2 0.45224358974358975 0.8594344106463878 0.7596153846153846 0.06392585551330798
