2 0.4911858974358974 0.08935361216730038 0.20801282051282052 0.02376425855513308
2 0.4891025641025641 0.1291587452471483 0.7391025641025641 0.048716730038022814
2 0.49022435897435895 0.1909458174904943 0.7477564102564103 0.07675855513307984
2 0.8254807692307692 0.08673954372623574 0.052243589743589745 0.02423954372623574
0 0.40400641025641026 0.3192728136882129 0.22788461538461538 0.1651615969581749
0 0.6314102564102564 0.3193916349809886 0.22435897435897437 0.16492395437262358
0 0.40689102564102564 0.4840779467680608 0.23365384615384616 0.1720532319391635
0 0.6325320512820513 0.48740494296577946 0.2310897435897436 0.1644486692015209
2 0.1623397435897436 0.5846007604562737 0.05929487179487179 0.02091254752851711
2 0.5326923076923077 0.5974334600760456 0.6891025641025641 0.054657794676806086
2 0.28349358974358974 0.6727661596958174 0.29455128205128206 0.028041825095057035
2 0.5086538461538461 0.7416825095057035 0.7544871794871795 0.09315589353612168
2 0.5129807692307692 0.8369771863117871 0.7548076923076923 0.09077946768060836
2 0.5248397435897436 0.8916349809885932 0.7330128205128205 0.02091254752851711
