2 0.4905448717948718 0.07010456273764258 0.2798076923076923 0.02328897338403042
2 0.49951923076923077 0.1655180608365019 0.778525641025641 0.09101711026615969
2 0.8455128205128205 0.06202471482889734 0.04038461538461539 0.02376425855513308
2 0.8556089743589743 0.09778992395437262 0.058012820512820515 0.020199619771863117
3 0.4823717948717949 0.11002851711026616 0.2653846153846154 0.03517110266159696
3 0.48173076923076924 0.23407794676806085 0.23076923076923078 0.04895437262357415
2 0.5006410256410256 0.28588403041825095 0.7852564102564102 0.060836501901140684
2 0.3818910256410256 0.3626425855513308 0.5272435897435898 0.04325095057034221
2 0.4971153846153846 0.4134980988593156 0.7717948717948718 0.06178707224334601
2 0.7661858974358975 0.3603849809885932 0.2169871794871795 0.03493346007604563
2 0.8599358974358975 0.3296102661596958 0.06282051282051282 0.01568441064638783
2 0.8580128205128205 0.21886882129277566 0.05961538461538462 0.02138783269961977
2 0.85625 0.2427519011406844 0.05929487179487179 0.020199619771863117
3 0.4814102564102564 0.3297290874524715 0.21923076923076923 0.02637832699619772
0 0.4855769230769231 0.5041587452471483 0.32371794871794873 0.11668250950570343
2 0.4908653846153846 0.5765209125475285 0.576602564102564 0.022338403041825095
2 0.763301282051282 0.626782319391635 0.22275641025641027 0.05727186311787072
2 0.38108974358974357 0.6261882129277566 0.5269230769230769 0.06226235741444867
2 0.49935897435897436 0.747504752851711 0.7615384615384615 0.18322243346007605
2 0.5052884615384615 0.8820104562737643 0.7682692307692308 0.052519011406844104
