2 0.09396114864864866 0.08067965779467681 0.03505067567567568 0.00879277566539924
0 0.27892736486486486 0.16528041825095058 0.3331925675675676 0.14615019011406843
2 0.6670185810810811 0.09018536121673004 0.31967905405405406 0.012595057034220532
2 0.4752956081081081 0.07022338403041825 0.22339527027027029 0.010693916349809885
2 0.8291807432432433 0.06701520912547529 0.060388513513513514 0.01188212927756654
2 0.28315033783783783 0.2867157794676806 0.38893581081081086 0.03826045627376426
2 0.3093327702702703 0.2516634980988593 0.26478040540540543 0.021863117870722433
2 0.28483952702702703 0.32533269961977185 0.3956925675675676 0.03326996197718631
2 0.7155827702702703 0.29182509505703425 0.4235641891891892 0.3840304182509506
2 0.24873310810810811 0.3603849809885932 0.32010135135135137 0.013070342205323195
2 0.2690033783783784 0.5708174904942965 0.41047297297297297 0.39543726235741444
0 0.7147381756756758 0.5842442965779467 0.31798986486486486 0.18464828897338403
2 0.7096706081081081 0.6991444866920152 0.36866554054054057 0.046102661596958174
2 0.6418918918918919 0.7347908745247148 0.29645270270270274 0.022338403041825095
2 0.7088260135135136 0.7677043726235742 0.42018581081081086 0.04443916349809886
