2 0.4780448717948718 0.08780893536121673 0.1971153846153846 0.014020912547528517
2 0.8203525641025641 0.08186787072243346 0.03685897435897436 0.013070342205323195
0 0.48685897435897435 0.2997861216730038 0.7532051282051282 0.3719106463878327
2 0.4897435897435897 0.5400427756653993 0.7416666666666667 0.0339828897338403
2 0.4905448717948718 0.590541825095057 0.7586538461538461 0.04467680608365019
3 0.4740384615384615 0.6352186311787072 0.1641025641025641 0.04182509505703422
2 0.4963141025641026 0.6879752851711026 0.7599358974358974 0.0594106463878327
2 0.8435897435897436 0.7427519011406845 0.046153846153846156 0.019249049429657796
2 0.8407051282051282 0.629277566539924 0.05064102564102564 0.01758555133079848
2 0.8469551282051282 0.8119058935361216 0.04519230769230769 0.019249049429657796
2 0.49278846153846156 0.8594344106463878 0.7560897435897436 0.046340304182509506
2 0.3828525641025641 0.781606463878327 0.5330128205128205 0.024714828897338403
3 0.4807692307692308 0.7422766159695817 0.35192307692307695 0.046815589353612165
3 0.4793269230769231 0.814282319391635 0.2169871794871795 0.03826045627376426
