2 0.5114020270270271 0.06226235741444867 0.4298986486486487 0.012357414448669201
2 0.8771114864864865 0.06095532319391635 0.06503378378378379 0.01211977186311787
2 0.08699324324324324 0.06368821292775666 0.0641891891891892 0.008079847908745247
2 0.2721706081081081 0.27899239543726234 0.4286317567567568 0.39543726235741444
2 0.7141047297297297 0.17264733840304183 0.4375 0.18797528517110265
2 0.5532094594594595 0.2781606463878327 0.10726351351351351 0.020199619771863117
2 0.7312077702702703 0.3740494296577947 0.42947635135135137 0.16539923954372623
2 0.5532094594594595 0.4663735741444867 0.0633445945945946 0.012595057034220532
2 0.7371199324324325 0.6367633079847909 0.43369932432432434 0.32438212927756654
2 0.2903293918918919 0.7678231939163498 0.43116554054054057 0.08935361216730038
0 0.17736486486486489 0.53481463878327 0.21706081081081083 0.1133555133079848
0 0.39125844594594594 0.5332699619771863 0.2056587837837838 0.1088403041825095
0 0.3908361486486487 0.6497148288973384 0.20059121621621623 0.11311787072243346
0 0.18686655405405406 0.65268536121673 0.203125 0.11430608365019011
