2 0.46089743589743587 0.07343155893536121 0.19230769230769232 0.028517110266159697
2 0.7998397435897436 0.0775903041825095 0.03685897435897436 0.015922053231939164
2 0.453525641025641 0.6360503802281369 0.7653846153846153 0.2060361216730038
2 0.46153846153846156 0.19237167300380228 0.7474358974358974 0.21791825095057035
2 0.45208333333333334 0.4969106463878327 0.760576923076923 0.05370722433460076
2 0.46057692307692305 0.8855750950570342 0.6493589743589744 0.027328897338403043
0 0.23205128205128206 0.373930608365019 0.19230769230769232 0.14187262357414449
0 0.3280448717948718 0.809291825095057 0.1996794871794872 0.1195342205323194
0 0.5817307692307693 0.8083412547528517 0.2621794871794872 0.12428707224334601
0 0.4355769230769231 0.376069391634981 0.19423076923076923 0.13759505703422054
0 0.6552884615384615 0.37749524714828897 0.23557692307692307 0.14329847908745247
