0 0.26984797297297297 0.12048479087452471 0.3344594594594595 0.14068441064638784
0 0.28125 0.28243821292775667 0.3302364864864865 0.13094106463878327
2 0.3076435810810811 0.20235266159695817 0.19467905405405406 0.021625475285171104
2 0.3006756756756757 0.3602661596958175 0.20777027027027029 0.02376425855513308
2 0.5168918918918919 0.04598384030418251 0.4873310810810811 0.02067490494296578
2 0.09733952702702703 0.03873574144486692 0.06714527027027027 0.008555133079847909
2 0.8933699324324325 0.053350760456273766 0.04011824324324324 0.013070342205323195
2 0.7126266891891893 0.25249524714828897 0.41849662162162166 0.3823669201520912
2 0.28040540540540543 0.40815114068441066 0.40371621621621623 0.06487642585551331
0 0.5071790540540541 0.5705798479087453 0.7145270270270271 0.22338403041825095
2 0.5082347972972974 0.6970057034220533 0.6744087837837838 0.024714828897338403
2 0.5061233108108109 0.7263545627376425 0.8331925675675677 0.03065589353612167
2 0.33572635135135137 0.4529467680608365 0.16131756756756757 0.01188212927756654
2 0.6790540540540541 0.4522338403041825 0.15287162162162163 0.00903041825095057
