3 0.4798076923076923 0.09458174904942966 0.11217948717948718 0.026615969581749048
3 0.48365384615384616 0.14032794676806085 0.08012820512820513 0.018773764258555134
3 0.4798076923076923 0.18013307984790874 0.08205128205128205 0.016159695817490494
3 0.4878205128205128 0.23086977186311786 0.47115384615384615 0.039211026615969584
3 0.48493589743589743 0.2971720532319392 0.33205128205128204 0.037785171102661594
3 0.4830128205128205 0.35800855513307983 0.19615384615384615 0.03065589353612167
3 0.48830128205128204 0.4230038022813688 0.21955128205128205 0.04325095057034221
3 0.4876602564102564 0.4751663498098859 0.23942307692307693 0.025903041825095056
3 0.4881410256410256 0.5177043726235742 0.2423076923076923 0.023051330798479087
2 0.4876602564102564 0.060361216730038025 0.17724358974358975 0.01806083650190114
2 0.8394230769230769 0.04883555133079848 0.04871794871794872 0.017347908745247147
2 0.8483974358974359 0.08483840304182509 0.07051282051282051 0.019486692015209126
2 0.8530448717948718 0.1288022813688213 0.06314102564102564 0.02376425855513308
2 0.8540064102564102 0.17181558935361216 0.06314102564102564 0.019011406844106463
2 0.8554487179487179 0.22136406844106463 0.06025641025641026 0.023051330798479087
2 0.8559294871794871 0.28612167300380226 0.061217948717948716 0.022338403041825095
2 0.8588141025641025 0.34731463878326996 0.06314102564102564 0.023051330798479087
2 0.18990384615384615 0.11870247148288973 0.17147435897435898 0.015922053231939164
2 0.26810897435897435 0.15755703422053233 0.3278846153846154 0.02376425855513308
2 0.30817307692307694 0.19973859315589354 0.4099358974358974 0.025903041825095056
2 0.35112179487179485 0.2623574144486692 0.49391025641025643 0.02091254752851711
2 0.22291666666666668 0.3297290874524715 0.24134615384615385 0.020199619771863117
2 0.24166666666666667 0.3905655893536122 0.266025641025641 0.021625475285171104
2 0.1998397435897436 0.4531844106463878 0.18365384615384617 0.02376425855513308
2 0.2935897435897436 0.498217680608365 0.38269230769230766 0.024477186311787073
2 0.5038461538461538 0.5718868821292775 0.7935897435897435 0.08816539923954372
2 0.8588141025641025 0.4139733840304182 0.06314102564102564 0.016634980988593156
2 0.8592948717948717 0.4677994296577947 0.06025641025641026 0.019724334600760455
2 0.8625 0.5146150190114068 0.057692307692307696 0.016872623574144485
2 0.507051282051282 0.6869058935361216 0.7929487179487179 0.15042775665399238
2 0.5108974358974359 0.8224809885931559 0.8057692307692308 0.1112167300380228
2 0.514102564102564 0.9022100760456274 0.8051282051282052 0.048241444866920155
