2 0.11233108108108109 0.06760931558935361 0.0641891891891892 0.011169201520912548
2 0.5122466216216216 0.0721245247148289 0.31081081081081086 0.010693916349809885
2 0.8809121621621622 0.07117395437262357 0.0320945945945946 0.0092680608365019
2 0.2846283783783784 0.2469106463878327 0.4130067567567568 0.3269961977186312
2 0.7109375 0.3215304182509506 0.41765202702702703 0.4752851711026616
0 0.2970861486486487 0.4786121673003802 0.359375 0.1311787072243346
0 0.7223395270270271 0.6298716730038023 0.33994932432432434 0.13236692015209126
2 0.30130912162162166 0.5567965779467681 0.27407094594594594 0.02138783269961977
2 0.29835304054054057 0.5817490494296578 0.38893581081081086 0.027566539923954372
2 0.7269847972972974 0.7056796577946768 0.30532094594594594 0.012595057034220532
2 0.7320523648648649 0.7251663498098859 0.390625 0.022576045627376425
2 0.22170608108108109 0.6101473384030418 0.2533783783783784 0.01497148288973384
2 0.30257601351351354 0.6822718631178707 0.4125844594594595 0.12547528517110265
