2 0.4931089743589744 0.06606463878326996 0.21185897435897436 0.029467680608365018
2 0.8391025641025641 0.06844106463878327 0.05705128205128205 0.022338403041825095
2 0.8516025641025641 0.19593631178707224 0.05384615384615385 0.024477186311787073
2 0.49038461538461536 0.10967205323193917 0.767948717948718 0.04966730038022814
2 0.49727564102564104 0.15221007604562736 0.7881410256410256 0.05061787072243346
3 0.4823717948717949 0.19688688212927757 0.1544871794871795 0.04348859315589353
2 0.4950320512820513 0.25415874524714827 0.8022435897435898 0.09196768060836502
2 0.2903846153846154 0.3186787072243346 0.31025641025641026 0.022338403041825095
2 0.4875 0.376782319391635 0.7814102564102564 0.08483840304182509
2 0.4911858974358974 0.44118346007604564 0.7830128205128205 0.04158745247148289
2 0.4828525641025641 0.5078422053231939 0.7778846153846154 0.029467680608365018
2 0.8496794871794872 0.4831273764258555 0.05384615384615385 0.017110266159695818
3 0.477724358974359 0.48039448669201523 0.14326923076923076 0.028754752851711026
0 0.3573717948717949 0.6334363117870723 0.28717948717948716 0.21886882129277566
0 0.6506410256410257 0.6333174904942965 0.2916666666666667 0.22053231939163498
2 0.49407051282051284 0.7579610266159695 0.5400641025641025 0.018298479087452472
2 0.2841346153846154 0.7977661596958174 0.3060897435897436 0.026615969581749048
2 0.49759615384615385 0.8501663498098859 0.8163461538461538 0.06772813688212928
3 0.47708333333333336 0.8947243346007604 0.1701923076923077 0.02899239543726236
2 0.8467948717948718 0.8954372623574145 0.06346153846153846 0.02138783269961977
