2 0.4620192307692308 0.04206273764258555 0.16314102564102564 0.01758555133079848
2 0.8238782051282051 0.04063688212927757 0.03685897435897436 0.014733840304182509
2 0.26971153846153845 0.08365019011406843 0.32724358974358975 0.014258555133079848
2 0.4636217948717949 0.14615019011406843 0.7862179487179487 0.10551330798479087
0 0.46089743589743587 0.2977661596958175 0.7974358974358975 0.18536121673003803
2 0.46282051282051284 0.43227186311787075 0.8032051282051282 0.04467680608365019
2 0.4658653846153846 0.5544201520912547 0.8003205128205129 0.1920152091254753
2 0.23669871794871794 0.6770437262357415 0.2746794871794872 0.02614068441064639
2 0.4636217948717949 0.7195817490494296 0.8048076923076923 0.04325095057034221
2 0.26826923076923076 0.7759030418250951 0.4108974358974359 0.02043726235741445
2 0.4636217948717949 0.8348384030418251 0.8009615384615385 0.04467680608365019
2 0.3628205128205128 0.8904467680608364 0.5948717948717949 0.021863117870722433
3 0.45400641025641025 0.7511882129277566 0.18814102564102564 0.019486692015209126
3 0.45416666666666666 0.7982414448669202 0.43333333333333335 0.02423954372623574
3 0.4496794871794872 0.8673954372623575 0.24807692307692308 0.019011406844106463
2 0.8399038461538462 0.8713165399239544 0.05737179487179487 0.02115019011406844
2 0.8352564102564103 0.7999049429657794 0.05384615384615385 0.016634980988593156
2 0.8352564102564103 0.7526140684410646 0.05384615384615385 0.015209125475285171
