2 0.47275641025641024 0.06511406844106464 0.20384615384615384 0.025665399239543727
2 0.3578525641025641 0.09695817490494296 0.4483974358974359 0.030893536121673004
2 0.29631410256410257 0.14508079847908745 0.39134615384615384 0.0278041825095057
2 0.25721153846153844 0.19415399239543726 0.321474358974359 0.03326996197718631
2 0.3892628205128205 0.2640209125475285 0.5977564102564102 0.029467680608365018
2 0.4751602564102564 0.3189163498098859 0.794551282051282 0.09458174904942966
3 0.4621794871794872 0.12274239543726236 0.183974358974359 0.018298479087452472
3 0.461698717948718 0.1709838403041825 0.2266025641025641 0.024952471482889732
3 0.46794871794871795 0.22908745247148288 0.2205128205128205 0.04325095057034221
2 0.8443910256410256 0.11775190114068441 0.06057692307692308 0.023051330798479087
2 0.8403846153846154 0.1686074144486692 0.051923076923076926 0.020199619771863117
2 0.8248397435897435 0.06261882129277567 0.04262820512820513 0.019724334600760455
2 0.8373397435897436 0.22587927756653992 0.0516025641025641 0.028279467680608364
0 0.35112179487179485 0.4774239543726236 0.29967948717948717 0.21863117870722434
0 0.6487179487179487 0.4777804182509506 0.2987179487179487 0.22076996197718632
0 0.15673076923076923 0.6387832699619772 0.13846153846153847 0.1112167300380228
0 0.2998397435897436 0.6384268060836502 0.1483974358974359 0.10765209125475285
0 0.4346153846153846 0.6366444866920152 0.125 0.10361216730038023
0 0.5576923076923077 0.6365256653992395 0.11666666666666667 0.10194866920152092
0 0.6807692307692308 0.6378326996197718 0.12115384615384615 0.10313688212927756
0 0.805448717948718 0.6386644486692015 0.13012820512820514 0.1033745247148289
2 0.48509615384615384 0.7256416349809885 0.7932692307692307 0.058222433460076044
2 0.4830128205128205 0.817134030418251 0.7794871794871795 0.11525665399239543
