2 0.472275641025641 0.06784695817490494 0.16314102564102564 0.015922053231939164
2 0.8104166666666667 0.06535171102661597 0.0375 0.016634980988593156
0 0.34807692307692306 0.1747861216730038 0.22371794871794873 0.15613117870722434
0 0.6052884615384615 0.1713403041825095 0.22916666666666666 0.157319391634981
0 0.6150641025641026 0.35586977186311786 0.2403846153846154 0.16801330798479086
0 0.35112179487179485 0.3594344106463878 0.2298076923076923 0.1751425855513308
0 0.3924679487179487 0.6113355513307984 0.22147435897435896 0.16230988593155893
0 0.6142628205128206 0.6100285171102662 0.21826923076923077 0.1606463878326996
0 0.6181089743589744 0.7762595057034221 0.21634615384615385 0.17181558935361216
0 0.39342948717948717 0.7806558935361216 0.22147435897435896 0.16634980988593157
2 0.4857371794871795 0.8909220532319392 0.7509615384615385 0.043726235741444866
2 0.47467948717948716 0.4931083650190114 0.7314102564102564 0.05608365019011407
