2 0.4775641025641026 0.09778992395437262 0.25448717948717947 0.027328897338403043
2 0.22403846153846155 0.12072243346007605 0.17756410256410257 0.019486692015209126
3 0.472275641025641 0.14591254752851712 0.20993589743589744 0.03326996197718631
2 0.7929487179487179 0.09802756653992395 0.03653846153846154 0.016872623574144485
2 0.49407051282051284 0.18536121673003803 0.7157051282051282 0.06463878326996197
0 0.4724358974358974 0.3269961977186312 0.6423076923076924 0.22100760456273763
2 0.4738782051282051 0.4454610266159696 0.48044871794871796 0.018773764258555134
2 0.37740384615384615 0.5774714828897338 0.4791666666666667 0.22956273764258556
2 0.7192307692307692 0.4929895437262357 0.19230769230769232 0.048241444866920155
2 0.7235576923076923 0.5961264258555133 0.19006410256410255 0.12238593155893536
2 0.3995192307692308 0.7370484790874524 0.5336538461538461 0.019724334600760455
2 0.4806089743589744 0.7677043726235742 0.6958333333333333 0.0439638783269962
2 0.1482371794871795 0.8134505703422054 0.020192307692307693 0.01188212927756654
3 0.4639423076923077 0.7072243346007605 0.18942307692307692 0.04182509505703422
3 0.46490384615384617 0.7942015209125475 0.14262820512820512 0.021863117870722433
3 0.46618589743589745 0.8342442965779467 0.14134615384615384 0.024952471482889732
2 0.7966346153846153 0.7071055133079848 0.05737179487179487 0.019724334600760455
2 0.7971153846153847 0.7971720532319392 0.04935897435897436 0.014020912547528517
2 0.7955128205128205 0.8362642585551331 0.047435897435897434 0.022338403041825095
