2 0.5342060810810811 0.13343631178707224 0.38429054054054057 0.018773764258555134
2 0.13576858108108109 0.1284458174904943 0.06545608108108109 0.01211977186311787
2 0.8925253378378379 0.13498098859315588 0.03589527027027027 0.009980988593155894
0 0.3583192567567568 0.17252851711026615 0.4117398648648649 0.05750950570342205
0 0.7111486486486487 0.1967680608365019 0.2863175675675676 0.09838403041825095
0 0.7147381756756758 0.29230038022813687 0.29265202702702703 0.094106463878327
0 0.34776182432432434 0.2658032319391635 0.3534628378378379 0.12666349809885932
2 0.515625 0.34909695817490494 0.2829391891891892 0.02376425855513308
0 0.34438344594594594 0.4300142585551331 0.3771114864864865 0.1318916349809886
0 0.7198057432432433 0.42704372623574144 0.27744932432432434 0.11692015209125475
2 0.5114020270270271 0.5091492395437263 0.2347972972972973 0.02115019011406844
2 0.5162584459459459 0.5365969581749049 0.2782939189189189 0.02709125475285171
2 0.30701013513513514 0.6802519011406845 0.39020270270270274 0.23978136882129278
2 0.7280405405405406 0.6785884030418251 0.3986486486486487 0.2454847908745247
