2 0.4875 0.06297528517110267 0.21025641025641026 0.03136882129277566
2 0.826602564102564 0.06048003802281369 0.05641025641025641 0.019724334600760455
2 0.425 0.09624524714828897 0.6012820512820513 0.02091254752851711
2 0.42788461538461536 0.11608840304182509 0.6051282051282051 0.021625475285171104
3 0.4766025641025641 0.13676330798479086 0.26987179487179486 0.03255703422053232
2 0.2810897435897436 0.15886406844106463 0.23717948717948717 0.024477186311787073
2 0.2636217948717949 0.18191539923954372 0.29775641025641025 0.025903041825095056
3 0.46987179487179487 0.20045152091254753 0.21474358974358973 0.02923003802281369
2 0.5177884615384616 0.23467205323193915 0.7080128205128206 0.04586501901140684
2 0.4913461538461538 0.26924904942965777 0.6647435897435897 0.021863117870722433
2 0.446474358974359 0.2915874524714829 0.5692307692307692 0.02614068441064639
2 0.3733974358974359 0.31570817490494296 0.5083333333333333 0.02400190114068441
2 0.502724358974359 0.37987167300380226 0.753525641025641 0.11763307984790874
2 0.5028846153846154 0.4781368821292776 0.7634615384615384 0.0803231939163498
2 0.453525641025641 0.5434885931558935 0.5775641025641025 0.05608365019011407
2 0.43685897435897436 0.595888783269962 0.6166666666666667 0.04063688212927757
2 0.42580128205128204 0.6347433460076045 0.6221153846153846 0.0408745247148289
2 0.4342948717948718 0.6743108365019012 0.6160256410256411 0.04491444866920152
2 0.4453525641025641 0.7282557034220533 0.6483974358974359 0.06297528517110267
2 0.40689102564102564 0.7990731939163498 0.5714743589743589 0.08293726235741444
2 0.4129807692307692 0.8512357414448669 0.5701923076923077 0.026615969581749048
2 0.2173076923076923 0.8668013307984791 0.19423076923076923 0.023051330798479087
2 0.20897435897435898 0.8891397338403042 0.18653846153846154 0.025903041825095056
0 0.8102564102564103 0.5702233840304183 0.13205128205128205 0.09624524714828897
0 0.8163461538461538 0.6667062737642585 0.1326923076923077 0.10052281368821293
