2 0.465224358974359 0.039211026615969584 0.1996794871794872 0.025665399239543727
2 0.25272435897435896 0.07806558935361217 0.2971153846153846 0.02637832699619772
2 0.8155448717948718 0.04063688212927757 0.04391025641025641 0.01758555133079848
2 0.4653846153846154 0.12785171102661597 0.7826923076923077 0.06701520912547529
2 0.4658653846153846 0.2156606463878327 0.7875 0.10907794676806083
0 0.4724358974358974 0.36252376425855515 0.7961538461538461 0.16801330798479086
2 0.4657051282051282 0.4763545627376426 0.7891025641025641 0.05442015209125475
2 0.47099358974358974 0.6070579847908745 0.7939102564102564 0.18464828897338403
2 0.1921474358974359 0.7237404942965779 0.15865384615384615 0.016872623574144485
2 0.4751602564102564 0.8161834600760456 0.8022435897435898 0.18179657794676807
