2 0.4873397435897436 0.07343155893536121 0.23493589743589743 0.02709125475285171
2 0.483974358974359 0.14757604562737642 0.7993589743589744 0.13450570342205323
2 0.8217948717948718 0.07355038022813688 0.04487179487179487 0.030180608365019013
2 0.47996794871794873 0.2527328897338403 0.7817307692307692 0.08388783269961977
2 0.47708333333333336 0.34731463878326996 0.7810897435897436 0.11383079847908745
2 0.3328525641025641 0.41943916349809884 0.4272435897435897 0.03849809885931559
2 0.47323717948717947 0.4550855513307985 0.7682692307692308 0.04230038022813688
2 0.4806089743589744 0.5342205323193916 0.780448717948718 0.12357414448669202
2 0.43653846153846154 0.6055133079847909 0.6397435897435897 0.02994296577946768
2 0.10192307692307692 0.6469819391634981 0.027564102564102563 0.01782319391634981
2 0.28349358974358974 0.6848859315589354 0.40544871794871795 0.028041825095057035
3 0.4581730769230769 0.6258317490494296 0.09326923076923077 0.020199619771863117
3 0.4655448717948718 0.6702709125475285 0.12083333333333333 0.025903041825095056
2 0.4706730769230769 0.7281368821292775 0.7740384615384616 0.06844106463878327
3 0.4716346153846154 0.7806558935361216 0.41955128205128206 0.0370722433460076
2 0.4701923076923077 0.815351711026616 0.7788461538461539 0.058935361216730035
2 0.4671474358974359 0.8909220532319392 0.7650641025641025 0.05655893536121673
2 0.8286858974358975 0.7795865019011406 0.07403846153846154 0.023051330798479087
2 0.8269230769230769 0.6295152091254753 0.06474358974358975 0.02091254752851711
2 0.8278846153846153 0.6695579847908745 0.06923076923076923 0.017347908745247147
