2 0.4997889404812157 0.0671659533999049 0.4406922752216125 0.01878269139324774
2 0.8457154917686788 0.0709700427960057 0.0595187842971718 0.014027579648121732
2 0.46686365555086534 0.16203043271516882 0.8197551709582102 0.1390870185449358
2 0.4691853102574926 0.30087969567284834 0.8092021950189954 0.05016642891107941
2 0.47277332207682565 0.37731811697574896 0.7902068383284085 0.0466000951022349
3 0.4672857745884339 0.25166428911079414 0.18066694807935837 0.03542558250118878
3 0.46496411988180664 0.3396338563956253 0.12368087800759814 0.02258678078934855
3 0.46644153651329673 0.4170233000475511 0.3191219924018573 0.02234902520209225
3 0.47298438159560996 0.4815739419876367 0.32460953989024904 0.019733713742272944
2 0.47108484592655125 0.44876367094626723 0.801181933305192 0.03114598193057537
2 0.4706627268889827 0.5168806466951974 0.7969607429295061 0.04897765097479791
2 0.47319544111439427 0.5729909652876842 0.7952722667792317 0.046124583927722305
2 0.4753060363022372 0.7019733713742273 0.8045588856057407 0.19757489300998574
2 0.517728999577881 0.8149072753209701 0.7112705783030815 0.01355206847360913
