2 0.5010557432432433 0.057034220532319393 0.32474662162162166 0.014733840304182509
2 0.08889358108108109 0.051330798479087454 0.06967905405405406 0.013307984790874524
2 0.8737331081081081 0.06071768060836502 0.0320945945945946 0.009743346007604563
2 0.6891891891891893 0.10254277566539924 0.4130067567567568 0.06677756653992395
2 0.25401182432432434 0.16159695817490494 0.4269425675675676 0.10218631178707224
3 0.2582347972972973 0.07188688212927756 0.08319256756756757 0.014020912547528517
3 0.25971283783783783 0.0975522813688213 0.07179054054054054 0.01211977186311787
3 0.6858108108108109 0.17977661596958175 0.11148648648648649 0.08293726235741444
3 0.25760135135135137 0.22302756653992395 0.08614864864864866 0.018298479087452472
3 0.2607685810810811 0.28006178707224333 0.09079391891891893 0.016397338403041826
3 0.26520270270270274 0.3368583650190114 0.07685810810810811 0.014020912547528517
3 0.6868665540540541 0.29182509505703425 0.28842905405405406 0.028041825095057035
3 0.6946790540540541 0.37107889733840305 0.21283783783783786 0.015922053231939164
2 0.26668074324324326 0.2502376425855513 0.40582770270270274 0.03326996197718631
2 0.2599239864864865 0.3122623574144487 0.4142736486486487 0.03374524714828897
2 0.26625844594594594 0.4089828897338403 0.4142736486486487 0.1112167300380228
2 0.6898226351351352 0.249643536121673 0.40076013513513514 0.046815589353612165
2 0.6900337837837838 0.33388783269961975 0.3952702702702703 0.049429657794676805
2 0.6946790540540541 0.45663022813688214 0.41216216216216217 0.14282319391634982
3 0.6948902027027027 0.5402804182509505 0.4092060810810811 0.022576045627376425
3 0.5844594594594595 0.5849572243346007 0.17567567567567569 0.028754752851711026
3 0.6961570945945946 0.6924904942965779 0.20903716216216217 0.025190114068441065
2 0.2816722972972973 0.47374049429657794 0.3758445945945946 0.019249049429657796
0 0.2660472972972973 0.6009980988593155 0.3893581081081081 0.23051330798479086
2 0.2685810810810811 0.7232652091254753 0.19763513513513514 0.011169201520912548
2 0.26836993243243246 0.7388307984790875 0.3154560810810811 0.010456273764258554
2 0.6921452702702703 0.6409220532319392 0.41976351351351354 0.06986692015209126
2 0.8709881756756758 0.1789448669201521 0.03505067567567568 0.016159695817490494
2 0.8745777027027027 0.2908745247148289 0.0320945945945946 0.013307984790874524
2 0.8735219594594595 0.3672766159695817 0.024915540540540543 0.011169201520912548
2 0.44932432432432434 0.33769011406844107 0.02364864864864865 0.01188212927756654
2 0.453758445945946 0.28125 0.01731418918918919 0.011169201520912548
2 0.4535472972972973 0.22397813688212928 0.015202702702702704 0.006891634980988593
2 0.8802787162162162 0.59375 0.03589527027027027 0.016872623574144485
2 0.8885135135135136 0.6923716730038023 0.04222972972972973 0.014020912547528517
2 0.7033361486486487 0.7255228136882129 0.40244932432432434 0.034220532319391636
