2 0.07347972972972973 0.0470532319391635 0.03800675675675676 0.010931558935361217
2 0.4862753378378379 0.04527091254752852 0.2377533783783784 0.014020912547528517
2 0.9005489864864865 0.0501425855513308 0.1254222972972973 0.01806083650190114
0 0.27132601351351354 0.1328422053231939 0.27660472972972977 0.13783269961977188
0 0.7563344594594595 0.13474334600760457 0.32263513513513514 0.14543726235741444
0 0.7434543918918919 0.3066777566539924 0.33994932432432434 0.14282319391634982
2 0.27787162162162166 0.2104325095057034 0.28378378378378377 0.013070342205323195
2 0.27892736486486486 0.23217680608365018 0.33910472972972977 0.02614068441064639
2 0.7770270270270271 0.22065114068441063 0.1266891891891892 0.022100760456273766
2 0.7713260135135136 0.39199144486692017 0.12457770270270271 0.024477186311787073
2 0.2768158783783784 0.28790399239543724 0.4438344594594595 0.07153041825095056
2 0.19890202702702703 0.3427994296577947 0.28969594594594594 0.025427756653992394
2 0.19277871621621623 0.37214828897338403 0.2799831081081081 0.01806083650190114
2 0.7379645270270271 0.4143298479087452 0.22677364864864866 0.015446768060836502
2 0.7364864864864865 0.4293013307984791 0.3893581081081081 0.017347908745247147
2 0.26963682432432434 0.591611216730038 0.44974662162162166 0.41230988593155893
2 0.7288851351351352 0.6259505703422054 0.4408783783783784 0.36216730038022815
