2 0.4740384615384615 0.07913498098859316 0.23205128205128206 0.017110266159695818
2 0.8113782051282051 0.08555133079847908 0.03942307692307692 0.013307984790874524
2 0.4721153846153846 0.15066539923954372 0.7506410256410256 0.1088403041825095
0 0.47147435897435896 0.3517110266159696 0.7474358974358974 0.2956273764258555
2 0.46810897435897436 0.5439638783269962 0.7599358974358974 0.055133079847908745
2 0.30272435897435895 0.6057509505703422 0.3721153846153846 0.024714828897338403
2 0.7274038461538461 0.6056321292775665 0.2201923076923077 0.032081749049429654
2 0.48044871794871796 0.6367633079847909 0.7243589743589743 0.031606463878326996
2 0.3857371794871795 0.7143536121673004 0.621474358974359 0.0470532319391635
2 0.4634615384615385 0.8286596958174904 0.7916666666666666 0.1088403041825095
2 0.830448717948718 0.6727661596958174 0.04423076923076923 0.01806083650190114
2 0.8306089743589744 0.7624762357414449 0.0516025641025641 0.020199619771863117
2 0.829647435897436 0.903398288973384 0.049679487179487176 0.016872623574144485
3 0.4483974358974359 0.6695579847908745 0.25833333333333336 0.037785171102661594
3 0.4517628205128205 0.7599809885931559 0.28557692307692306 0.028517110266159697
3 0.45256410256410257 0.9042300380228137 0.16153846153846155 0.030893536121673004
