2 0.109375 0.08365019011406843 0.07263513513513514 0.01568441064638783
2 0.5249155405405406 0.0957699619771863 0.31165540540540543 0.01806083650190114
2 0.8961148648648649 0.10289923954372623 0.03885135135135136 0.008555133079847909
2 0.7100929054054055 0.33353136882129275 0.4066722972972973 0.44843155893536124
2 0.28315033783783783 0.280893536121673 0.33741554054054057 0.019011406844106463
2 0.28272804054054057 0.30097433460076045 0.40160472972972977 0.025903041825095056
0 0.2768158783783784 0.18631178707224336 0.328125 0.17015209125475286
3 0.27892736486486486 0.33186787072243346 0.2538006756756757 0.03303231939163498
3 0.27280405405405406 0.43975760456273766 0.3505067567567568 0.04776615969581749
3 0.2797719594594595 0.565351711026616 0.27322635135135137 0.030418250950570342
0 0.7111486486486487 0.6472195817490495 0.3141891891891892 0.17086501901140685
2 0.7113597972972974 0.7432271863117871 0.3002533783783784 0.012595057034220532
2 0.7136824324324325 0.7631891634980988 0.37331081081081086 0.022576045627376425
2 0.2799831081081081 0.6822718631178707 0.41976351351351354 0.1915399239543726
2 0.28082770270270274 0.5083174904942965 0.41385135135135137 0.07889733840304182
2 0.2861064189189189 0.3818916349809886 0.41849662162162166 0.06416349809885931
