2 0.46458333333333335 0.058222433460076044 0.22532051282051282 0.026615969581749048
2 0.8051282051282052 0.04883555133079848 0.046153846153846156 0.024477186311787073
2 0.2092948717948718 0.09173003802281368 0.1685897435897436 0.025190114068441065
2 0.4754807692307692 0.14555608365019013 0.7766025641025641 0.08246197718631179
3 0.46458333333333335 0.2078184410646388 0.2233974358974359 0.04206273764258555
2 0.825801282051282 0.19831273764258556 0.07083333333333333 0.023051330798479087
2 0.47692307692307695 0.26164448669201523 0.7737179487179487 0.06844106463878327
2 0.20833333333333334 0.3031131178707224 0.1858974358974359 0.024477186311787073
2 0.2950320512820513 0.32426330798479086 0.3778846153846154 0.024477186311787073
2 0.46794871794871795 0.35670152091254753 0.24871794871794872 0.04182509505703422
2 0.7360576923076924 0.27625950570342206 0.2233974358974359 0.055846007604562736
2 0.4740384615384615 0.3968631178707224 0.7794871794871795 0.05085551330798479
2 0.8338141025641026 0.34660171102661597 0.05673076923076923 0.025903041825095056
2 0.21009615384615385 0.4312024714828897 0.18942307692307692 0.024477186311787073
2 0.25256410256410255 0.4546102661596958 0.2705128205128205 0.025190114068441065
3 0.46955128205128205 0.49429657794676807 0.2064102564102564 0.05180608365019011
2 0.8333333333333334 0.4751663498098859 0.05961538461538462 0.020199619771863117
2 0.4751602564102564 0.5327946768060836 0.7964743589743589 0.022338403041825095
2 0.20881410256410257 0.5576283269961977 0.18493589743589745 0.023051330798479087
2 0.3350961538461538 0.5778279467680608 0.43365384615384617 0.018773764258555134
2 0.4793269230769231 0.6851235741444867 0.8028846153846154 0.07129277566539924
2 0.288301282051282 0.7387119771863118 0.35352564102564105 0.024477186311787073
2 0.4806089743589744 0.8004990494296578 0.7926282051282051 0.10622623574144487
2 0.4873397435897436 0.8763070342205324 0.8041666666666667 0.05109315589353612
2 0.8408653846153846 0.6145437262357415 0.06314102564102564 0.025190114068441065
3 0.46330128205128207 0.6170389733840305 0.22596153846153846 0.06487642585551331
