2 0.10304054054054054 0.09565114068441065 0.05827702702702703 0.013070342205323195
2 0.5088682432432433 0.07984790874524715 0.18327702702702703 0.0185361216730038
0 0.2747043918918919 0.20971958174904942 0.35684121621621623 0.1960551330798479
0 0.2799831081081081 0.4208650190114068 0.39020270270270274 0.1958174904942966
1 0.28357263513513514 0.6103849809885932 0.40582770270270274 0.04776615969581749
2 0.28547297297297297 0.5534695817490495 0.4222972972972973 0.04134980988593156
2 0.28061655405405406 0.5236454372623575 0.10853040540540541 0.010693916349809885
2 0.2829391891891892 0.5798479087452472 0.17905405405405406 0.010456273764258554
2 0.28568412162162166 0.6703897338403042 0.41511824324324326 0.06986692015209126
2 0.28885135135135137 0.7407319391634981 0.41638513513513514 0.0679657794676806
2 0.7117820945945946 0.188569391634981 0.41680743243243246 0.18702471482889735
2 0.5453969594594595 0.2905180608365019 0.07643581081081081 0.01497148288973384
2 0.7191722972972974 0.5769961977186312 0.41891891891891897 0.5551330798479087
2 0.12035472972972974 0.7915874524714829 0.10810810810810811 0.015209125475285171
2 0.2956081081081081 0.8306796577946768 0.40625 0.04348859315589353
