2 0.4913461538461538 0.05988593155893536 0.19166666666666668 0.016634980988593156
2 0.8278846153846153 0.05168726235741445 0.03653846153846154 0.014020912547528517
2 0.4950320512820513 0.10634505703422054 0.7458333333333333 0.06677756653992395
2 0.4967948717948718 0.19237167300380228 0.7416666666666667 0.10242395437262357
2 0.49775641025641026 0.2997861216730038 0.7493589743589744 0.11050380228136882
3 0.48830128205128204 0.3780893536121673 0.11057692307692307 0.04134980988593156
2 0.8506410256410256 0.3698906844106464 0.05 0.017347908745247147
2 0.49935897435897436 0.4153992395437262 0.7480769230769231 0.03279467680608365
2 0.5016025641025641 0.48170152091254753 0.7615384615384615 0.09553231939163498
2 0.2693910256410256 0.5533507604562737 0.23557692307692307 0.0278041825095057
2 0.5056089743589743 0.5988593155893536 0.7842948717948718 0.05988593155893536
2 0.7673076923076924 0.6531606463878327 0.2141025641025641 0.03065589353612167
2 0.7701923076923077 0.6942728136882129 0.21217948717948718 0.03303231939163498
2 0.38669871794871796 0.6702709125475285 0.5330128205128205 0.08056083650190114
2 0.5017628205128205 0.7410884030418251 0.7644230769230769 0.05679657794676806
2 0.27163461538461536 0.7955085551330798 0.24775641025641026 0.023051330798479087
2 0.5166666666666667 0.8262832699619772 0.7455128205128205 0.027566539923954372
2 0.29102564102564105 0.8766634980988594 0.33397435897435895 0.019011406844106463
