2 0.29935897435897435 0.09838403041825095 0.37435897435897436 0.0185361216730038
2 0.46875 0.053231939163498096 0.17403846153846153 0.019961977186311788
2 0.8165064102564102 0.04729087452471483 0.04262820512820513 0.015209125475285171
2 0.475 0.1678944866920152 0.7769230769230769 0.12096007604562738
0 0.47996794871794873 0.42906368821292773 0.7791666666666667 0.3823669201520912
2 0.4894230769230769 0.6612404942965779 0.767948717948718 0.03445817490494297
2 0.2719551282051282 0.7200570342205324 0.2637820512820513 0.03279467680608365
2 0.49038461538461536 0.7444153992395437 0.7141025641025641 0.021625475285171104
3 0.4782051282051282 0.7811311787072244 0.22692307692307692 0.046102661596958174
2 0.8546474358974359 0.7757842205323194 0.06826923076923076 0.020199619771863117
2 0.49439102564102566 0.8468393536121673 0.7842948717948718 0.08673954372623574
