2 0.4860576923076923 0.07984790874524715 0.27852564102564104 0.02899239543726236
2 0.816025641025641 0.08091730038022814 0.041666666666666664 0.02067490494296578
2 0.47884615384615387 0.11228612167300381 0.7493589743589744 0.04443916349809886
3 0.4774038461538462 0.15874524714828897 0.17147435897435898 0.04134980988593156
2 0.48333333333333334 0.20282794676806085 0.7237179487179487 0.06535171102661597
2 0.4791666666666667 0.2633079847908745 0.7365384615384616 0.06986692015209126
2 0.48862179487179486 0.3432747148288973 0.760576923076923 0.06535171102661597
2 0.3157051282051282 0.407675855513308 0.40064102564102566 0.031606463878326996
3 0.4733974358974359 0.3894961977186312 0.15897435897435896 0.02423954372623574
3 0.4753205128205128 0.3058460076045627 0.3858974358974359 0.028041825095057035
2 0.8277243589743589 0.38664448669201523 0.05929487179487179 0.01568441064638783
2 0.8272435897435897 0.3054895437262357 0.047435897435897434 0.018773764258555134
2 0.8259615384615384 0.15625 0.04294871794871795 0.016872623574144485
0 0.4862179487179487 0.5431321292775665 0.5275641025641026 0.24263307984790874
0 0.48381410256410257 0.6759743346007605 0.21185897435897436 0.025903041825095056
0 0.4782051282051282 0.7063925855513308 0.6756410256410257 0.02685361216730038
0 0.21682692307692308 0.8351948669201521 0.20865384615384616 0.07961026615969581
3 0.47852564102564105 0.7552281368821293 0.18717948717948718 0.08127376425855513
3 0.47852564102564105 0.8368583650190115 0.18269230769230768 0.08436311787072243
2 0.8344551282051282 0.7566539923954373 0.05352564102564102 0.022338403041825095
2 0.8306089743589744 0.8356701520912547 0.0483974358974359 0.018298479087452472
