2 0.45737179487179486 0.10076045627376426 0.2724358974358974 0.027566539923954372
2 0.8003205128205129 0.09838403041825095 0.05 0.014258555133079848
2 0.3474358974358974 0.14341730038022812 0.5237179487179487 0.043013307984790874
2 0.7233974358974359 0.13925855513307986 0.20448717948717948 0.03136882129277566
2 0.46634615384615385 0.19415399239543726 0.7564102564102564 0.06273764258555133
2 0.2155448717948718 0.24156368821292776 0.1907051282051282 0.02400190114068441
2 0.316025641025641 0.26425855513307983 0.391025641025641 0.02328897338403042
3 0.44759615384615387 0.2813688212927757 0.6092948717948717 0.022813688212927757
3 0.453525641025641 0.32604562737642584 0.35192307692307695 0.021863117870722433
3 0.44903846153846155 0.34743346007604564 0.358974358974359 0.021863117870722433
3 0.45705128205128204 0.3883079847908745 0.34294871794871795 0.02091254752851711
3 0.45592948717948717 0.4354800380228137 0.2842948717948718 0.025903041825095056
2 0.33221153846153845 0.3664448669201521 0.4778846153846154 0.021863117870722433
2 0.215224358974359 0.4082699619771863 0.17467948717948717 0.02423954372623574
2 0.41362179487179485 0.3031131178707224 0.6426282051282052 0.019249049429657796
2 0.47259615384615383 0.47932509505703425 0.753525641025641 0.06131178707224334
0 0.33990384615384617 0.7063925855513308 0.2900641025641026 0.3828422053231939
0 0.634775641025641 0.7046102661596958 0.2875 0.3835551330798479
2 0.4701923076923077 0.910527566539924 0.4371794871794872 0.024952471482889732
