2 0.7772435897435898 0.08400665399239543 0.03205128205128205 0.01449619771863118
2 0.4427884615384615 0.08495722433460076 0.16185897435897437 0.018298479087452472
2 0.44567307692307695 0.2256416349809886 0.7445512820512821 0.23883079847908745
2 0.23060897435897437 0.37107889733840305 0.2362179487179487 0.025903041825095056
2 0.7137820512820513 0.41147813688212925 0.2032051282051282 0.0501425855513308
2 0.34919871794871793 0.39603136882129275 0.47147435897435896 0.02115019011406844
2 0.5724358974358974 0.4224096958174905 0.04423076923076923 0.018773764258555134
2 0.44919871794871796 0.46506653992395436 0.7522435897435897 0.0370722433460076
3 0.3334935897435897 0.4268060836501901 0.305448717948718 0.03326996197718631
3 0.4426282051282051 0.49536596958174905 0.20512820512820512 0.022576045627376425
3 0.44503205128205126 0.5452709125475285 0.24006410256410257 0.03255703422053232
2 0.11282051282051282 0.5187737642585551 0.07371794871794872 0.0185361216730038
2 0.3330128205128205 0.5846007604562737 0.5102564102564102 0.03849809885931559
2 0.711698717948718 0.5775903041825095 0.22147435897435896 0.030180608365019013
2 0.4592948717948718 0.747504752851711 0.7589743589743589 0.2949144486692015
2 0.8048076923076923 0.5396863117870723 0.04294871794871795 0.02043726235741445
