2 0.46618589743589745 0.05370722433460076 0.1996794871794872 0.025190114068441065
2 0.38653846153846155 0.08923479087452471 0.6083333333333333 0.018298479087452472
2 0.8131410256410256 0.053826045627376425 0.03974358974358974 0.01211977186311787
0 0.31025641025641026 0.2076996197718631 0.2916666666666667 0.2115019011406844
0 0.6453525641025641 0.20496673003802282 0.3560897435897436 0.19653041825095058
2 0.49935897435897436 0.32509505703422054 0.44294871794871793 0.021863117870722433
2 0.4701923076923077 0.3883079847908745 0.7788461538461539 0.08365019011406843
2 0.183974358974359 0.4636406844106464 0.21602564102564104 0.02709125475285171
2 0.33205128205128204 0.5218631178707225 0.5006410256410256 0.06321292775665399
2 0.7237179487179487 0.5180608365019012 0.25448717948717947 0.03944866920152091
2 0.47291666666666665 0.5866207224334601 0.7810897435897436 0.06059885931558935
2 0.4721153846153846 0.6385456273764258 0.7878205128205128 0.04325095057034221
2 0.4126602564102564 0.6851235741444867 0.614423076923077 0.04420152091254753
3 0.4576923076923077 0.7284933460076045 0.28846153846153844 0.042538022813688216
2 0.8386217948717949 0.7258792775665399 0.05096153846153846 0.014020912547528517
2 0.23685897435897435 0.7615256653992395 0.25769230769230766 0.022100760456273766
2 0.46939102564102564 0.815708174904943 0.794551282051282 0.08769011406844106
2 0.4717948717948718 0.8808222433460076 0.7916666666666666 0.0401615969581749
