2 0.47131410256410255 0.06962927756653993 0.28942307692307695 0.036596958174904944
2 0.19567307692307692 0.13343631178707224 0.2016025641025641 0.10052281368821293
2 0.46826923076923077 0.10634505703422054 0.31153846153846154 0.0339828897338403
2 0.5692307692307692 0.17050855513307986 0.5269230769230769 0.0686787072243346
3 0.5591346153846154 0.13129752851711027 0.27275641025641023 0.03065589353612167
3 0.4501602564102564 0.21162072243346008 0.16762820512820512 0.02352661596958175
2 0.8094551282051282 0.08483840304182509 0.0375 0.016159695817490494
2 0.45544871794871794 0.24061311787072243 0.7621794871794871 0.05299429657794677
0 0.45032051282051283 0.33887832699619774 0.47115384615384615 0.15114068441064638
2 0.45721153846153845 0.4312024714828897 0.23301282051282052 0.024477186311787073
2 0.45753205128205127 0.5304182509505704 0.7778846153846154 0.1915399239543726
2 0.44182692307692306 0.8930608365019012 0.7951923076923076 0.05846007604562738
2 0.43653846153846154 0.8506416349809885 0.4198717948717949 0.021625475285171104
0 0.3762820512820513 0.7328897338403042 0.2743589743589744 0.20152091254752852
0 0.5979166666666667 0.7965779467680608 0.1798076923076923 0.07652091254752852
