2 0.46025641025641023 0.0663022813688213 0.20448717948717948 0.028041825095057035
2 0.8068910256410257 0.0556083650190114 0.033012820512820513 0.01568441064638783
2 0.32099358974358977 0.1397338403041825 0.4528846153846154 0.11026615969581749
0 0.7040064102564103 0.23645437262357413 0.29775641025641025 0.3122623574144487
2 0.31794871794871793 0.27827946768060835 0.43846153846153846 0.17252851711026615
2 0.3248397435897436 0.40339828897338403 0.4483974358974359 0.093393536121673
2 0.7100961538461539 0.41183460076045625 0.30096153846153845 0.04800380228136882
2 0.12756410256410255 0.5354087452471483 0.03653846153846154 0.022813688212927757
2 0.16346153846153846 0.5854325095057035 0.11217948717948718 0.025427756653992394
2 0.8447115384615385 0.4543726235741445 0.041987179487179484 0.019011406844106463
2 0.8506410256410256 0.4914448669201521 0.04038461538461539 0.019961977186311788
2 0.8479166666666667 0.5457461977186312 0.047115384615384615 0.02400190114068441
2 0.8549679487179487 0.59731463878327 0.04903846153846154 0.019724334600760455
3 0.48044871794871796 0.4679182509505703 0.12692307692307692 0.03564638783269962
3 0.47996794871794873 0.4995247148288973 0.13044871794871796 0.03612167300380228
3 0.4814102564102564 0.5515684410646388 0.1358974358974359 0.04800380228136882
3 0.48381410256410257 0.6005228136882129 0.11634615384615385 0.02899239543726236
2 0.49038461538461536 0.6339115969581749 0.7891025641025641 0.05442015209125475
2 0.49567307692307694 0.7033032319391634 0.7862179487179487 0.09624524714828897
2 0.7645833333333333 0.6829847908745247 0.22724358974358974 0.06463878326996197
2 0.49727564102564104 0.8071530418250951 0.7778846153846154 0.13236692015209126
