2 0.47291666666666665 0.07034220532319392 0.2625 0.028041825095057035
2 0.7980769230769231 0.06642110266159695 0.04358974358974359 0.015922053231939164
2 0.21987179487179487 0.10848384030418251 0.14423076923076922 0.025427756653992394
2 0.48221153846153847 0.1840541825095057 0.7208333333333333 0.12238593155893536
2 0.48669871794871794 0.31404467680608367 0.721474358974359 0.13616920152091255
2 0.4892628205128205 0.41183460076045625 0.7176282051282051 0.06463878326996197
3 0.46987179487179487 0.46625475285171103 0.22628205128205128 0.0594106463878327
2 0.8080128205128205 0.4442728136882129 0.05576923076923077 0.012595057034220532
2 0.8149038461538461 0.4624524714828897 0.05673076923076923 0.01568441064638783
2 0.8129807692307692 0.48229562737642584 0.05480769230769231 0.015922053231939164
2 0.34326923076923077 0.5361216730038023 0.44551282051282054 0.0817490494296578
2 0.7086538461538462 0.5229325095057035 0.25833333333333336 0.04586501901140684
0 0.359775641025641 0.6466254752851711 0.24519230769230768 0.13070342205323193
0 0.6145833333333334 0.6449619771863118 0.20544871794871794 0.12737642585551331
2 0.48205128205128206 0.7204134980988594 0.4083333333333333 0.022100760456273766
2 0.49262820512820515 0.7985979087452472 0.7153846153846154 0.12856463878326996
