2 0.47692307692307695 0.07663973384030419 0.21217948717948718 0.022576045627376425
2 0.813301282051282 0.07426330798479087 0.05673076923076923 0.01497148288973384
0 0.3112179487179487 0.18654942965779467 0.2403846153846154 0.1782319391634981
0 0.31362179487179487 0.3666825095057034 0.25096153846153846 0.18155893536121673
0 0.622275641025641 0.1836977186311787 0.3798076923076923 0.17870722433460076
0 0.6304487179487179 0.3659695817490494 0.36923076923076925 0.18203422053231938
2 0.13028846153846155 0.469106463878327 0.05737179487179487 0.019961977186311788
2 0.5123397435897435 0.4843155893536122 0.7035256410256411 0.06131178707224334
2 0.21169871794871795 0.5480038022813688 0.15416666666666667 0.03564638783269962
2 0.4842948717948718 0.6069391634980988 0.7653846153846153 0.08887832699619772
2 0.4895833333333333 0.688569391634981 0.7759615384615385 0.05061787072243346
2 0.2724358974358974 0.7402566539923955 0.3326923076923077 0.02709125475285171
2 0.30240384615384613 0.7927756653992395 0.3958333333333333 0.02994296577946768
3 0.47676282051282054 0.6604087452471483 0.34134615384615385 0.028041825095057035
3 0.47483974358974357 0.7211264258555133 0.25416666666666665 0.03065589353612167
3 0.4733974358974359 0.7682984790874524 0.1891025641025641 0.02899239543726236
3 0.47435897435897434 0.8243821292775665 0.16666666666666666 0.03897338403041825
2 0.8347756410256411 0.7220769961977186 0.05673076923076923 0.024477186311787073
2 0.8325320512820513 0.7666349809885932 0.05993589743589744 0.025190114068441065
2 0.8344551282051282 0.8252138783269962 0.07596153846153846 0.02115019011406844
2 0.4875 0.8689401140684411 0.7775641025641026 0.05964828897338403
