2 0.5251602564102564 0.06261882129277567 0.20416666666666666 0.02067490494296578
2 0.864423076923077 0.05988593155893536 0.04807692307692308 0.017110266159695818
2 0.8834935897435897 0.094106463878327 0.06314102564102564 0.017110266159695818
2 0.8793269230769231 0.15648764258555134 0.06570512820512821 0.023051330798479087
2 0.8828525641025641 0.24417775665399238 0.052884615384615384 0.021625475285171104
3 0.5266025641025641 0.09885931558935361 0.383974358974359 0.025190114068441065
2 0.4599358974358974 0.12143536121673004 0.610897435897436 0.017110266159695818
3 0.5217948717948718 0.15625 0.45064102564102565 0.0501425855513308
2 0.5310897435897436 0.20971958174904942 0.7589743589743589 0.057747148288973385
3 0.5323717948717949 0.24952471482889735 0.18653846153846154 0.02043726235741445
2 0.5333333333333333 0.2975285171102662 0.7615384615384615 0.08222433460076045
0 0.2780448717948718 0.41943916349809884 0.23942307692307693 0.16159695817490494
0 0.5193910256410257 0.4233602661596958 0.24775641025641026 0.1689638783269962
0 0.7738782051282052 0.42324144486692017 0.25737179487179485 0.16777566539923955
2 0.5307692307692308 0.528041825095057 0.4967948717948718 0.02376425855513308
2 0.5387820512820513 0.566421102661597 0.7615384615384615 0.039211026615969584
2 0.3841346153846154 0.6037309885931559 0.3939102564102564 0.02067490494296578
2 0.5342948717948718 0.6625475285171103 0.7628205128205128 0.10171102661596958
2 0.5366987179487179 0.7623574144486692 0.7663461538461539 0.10171102661596958
2 0.5384615384615384 0.84731463878327 0.767948717948718 0.06772813688212928
