2 0.4424679487179487 0.026734790874524714 0.16891025641025642 0.015922053231939164
3 0.44006410256410255 0.06808460076045628 0.24487179487179486 0.025903041825095056
2 0.8174679487179487 0.07105513307984791 0.05352564102564102 0.0185361216730038
2 0.8020833333333334 0.03493346007604563 0.035576923076923075 0.01188212927756654
2 0.4461538461538462 0.10432509505703422 0.8 0.03849809885931559
2 0.7283653846153846 0.13842680608365018 0.21314102564102563 0.03303231939163498
2 0.32259615384615387 0.1448431558935361 0.5548076923076923 0.037309885931558935
3 0.42964743589743587 0.18429182509505704 0.6413461538461539 0.04206273764258555
3 0.43701923076923077 0.2712690114068441 0.7073717948717949 0.03303231939163498
3 0.4407051282051282 0.3827233840304182 0.19038461538461537 0.02067490494296578
3 0.4403846153846154 0.46589828897338403 0.18333333333333332 0.022100760456273766
2 0.4376602564102564 0.22861216730038023 0.7894230769230769 0.039923954372623575
2 0.44022435897435896 0.3304420152091255 0.798397435897436 0.08103612167300381
2 0.4423076923076923 0.4124287072243346 0.7987179487179488 0.03826045627376426
2 0.23525641025641025 0.4458174904942966 0.31474358974358974 0.019486692015209126
2 0.3006410256410256 0.49679182509505704 0.5211538461538462 0.04063688212927757
2 0.7108974358974359 0.5051093155893536 0.2551282051282051 0.04776615969581749
2 0.8201923076923077 0.46625475285171103 0.04807692307692308 0.013307984790874524
2 0.8198717948717948 0.38105988593155893 0.04358974358974359 0.01782319391634981
2 0.24791666666666667 0.5501425855513308 0.4080128205128205 0.02328897338403042
2 0.14310897435897435 0.6440114068441065 0.12083333333333333 0.026615969581749048
2 0.4427884615384615 0.5995722433460076 0.7996794871794872 0.05038022813688213
2 0.44887820512820514 0.7130465779467681 0.8208333333333333 0.11145437262357415
2 0.27323717948717946 0.8586026615969582 0.4657051282051282 0.08602661596958175
2 0.683974358974359 0.8571768060836502 0.3192307692307692 0.06653992395437262
3 0.44006410256410255 0.7919439163498099 0.3108974358974359 0.03968631178707224
2 0.83125 0.7854087452471483 0.05673076923076923 0.022338403041825095
