2 0.5094551282051282 0.06677756653992395 0.20544871794871794 0.029467680608365018
2 0.840224358974359 0.07307509505703422 0.04903846153846154 0.019724334600760455
2 0.265224358974359 0.09434410646387832 0.2657051282051282 0.034220532319391636
2 0.382051282051282 0.13498098859315588 0.4564102564102564 0.03136882129277566
2 0.4043269230769231 0.1798954372623574 0.5400641025641025 0.028517110266159697
2 0.8567307692307692 0.16432984790874525 0.052564102564102565 0.01211977186311787
2 0.8546474358974359 0.20556083650190113 0.058012820512820515 0.014733840304182509
2 0.8514423076923077 0.2652091254752852 0.04775641025641025 0.02091254752851711
2 0.8488782051282051 0.3258079847908745 0.03942307692307692 0.019961977186311788
2 0.8487179487179487 0.4064876425855513 0.04807692307692308 0.02115019011406844
2 0.8443910256410256 0.49049429657794674 0.04326923076923077 0.015209125475285171
3 0.4998397435897436 0.1602899239543726 0.22532051282051282 0.023051330798479087
3 0.4987179487179487 0.2025903041825095 0.38782051282051283 0.02923003802281369
2 0.3924679487179487 0.21970057034220533 0.5118589743589743 0.027328897338403043
2 0.2775641025641026 0.23811787072243346 0.20833333333333334 0.0185361216730038
3 0.49375 0.26164448669201523 0.35993589743589743 0.028517110266159697
2 0.49022435897435895 0.2807747148288973 0.7157051282051282 0.03065589353612167
2 0.2849358974358974 0.30085551330798477 0.22692307692307692 0.022338403041825095
2 0.49935897435897436 0.34850285171102663 0.7448717948717949 0.04206273764258555
2 0.3088141025641026 0.37951520912547526 0.2881410256410256 0.025665399239543727
2 0.5059294871794872 0.42870722433460073 0.7451923076923077 0.04420152091254753
3 0.49262820512820515 0.32295627376425856 0.21346153846153845 0.025665399239543727
3 0.49455128205128207 0.40137832699619774 0.27115384615384613 0.024714828897338403
3 0.49246794871794874 0.4847908745247148 0.3516025641025641 0.03184410646387833
3 0.48653846153846153 0.5398051330798479 0.4858974358974359 0.03968631178707224
3 0.4913461538461538 0.5906606463878327 0.37564102564102564 0.036834600760456276
2 0.4168269230769231 0.45781844106463876 0.5022435897435897 0.025903041825095056
2 0.30496794871794874 0.5098621673003803 0.3528846153846154 0.03065589353612167
2 0.8487179487179487 0.5419439163498099 0.046153846153846156 0.025903041825095056
2 0.3232371794871795 0.5636882129277566 0.3919871794871795 0.025190114068441065
2 0.8469551282051282 0.5956511406844106 0.05673076923076923 0.018773764258555134
2 0.8456730769230769 0.6471007604562737 0.04583333333333333 0.013783269961977186
2 0.2844551282051282 0.6135931558935361 0.31826923076923075 0.022338403041825095
2 0.15128205128205127 0.6649239543726235 0.058333333333333334 0.01758555133079848
2 0.8496794871794872 0.6972433460076045 0.046153846153846156 0.013783269961977186
3 0.48990384615384613 0.6428231939163498 0.378525641025641 0.03612167300380228
3 0.4907051282051282 0.6928469581749049 0.266025641025641 0.024477186311787073
3 0.4863782051282051 0.8201045627376425 0.3375 0.028517110266159697
2 0.4983974358974359 0.7387119771863118 0.7564102564102564 0.08103612167300381
2 0.2621794871794872 0.7892110266159695 0.22756410256410256 0.022813688212927757
2 0.5019230769230769 0.8568203422053232 0.775 0.05442015209125475
2 0.85 0.8216492395437263 0.04871794871794872 0.018298479087452472
