2 0.4205128205128205 0.04218155893536121 0.1762820512820513 0.017347908745247147
2 0.7708333333333334 0.03956749049429658 0.03782051282051282 0.016872623574144485
2 0.7876602564102564 0.08044201520912547 0.035576923076923075 0.017347908745247147
3 0.4155448717948718 0.08578897338403042 0.2618589743589744 0.036596958174904944
2 0.4325320512820513 0.20068916349809887 0.7862179487179487 0.1936787072243346
0 0.2860576923076923 0.407675855513308 0.3278846153846154 0.21316539923954372
0 0.6083333333333333 0.404111216730038 0.30641025641025643 0.2107889733840304
2 0.46057692307692305 0.5389733840304183 0.6371794871794871 0.04230038022813688
2 0.4440705128205128 0.62143536121673 0.7855769230769231 0.11977186311787072
2 0.2128205128205128 0.6997385931558935 0.24487179487179486 0.02685361216730038
2 0.4581730769230769 0.7591492395437263 0.7875 0.09814638783269962
2 0.14038461538461539 0.8425617870722434 0.1685897435897436 0.02637832699619772
2 0.2865384615384615 0.8835551330798479 0.3608974358974359 0.022813688212927757
