2 0.4706730769230769 0.07402566539923955 0.26121794871794873 0.037785171102661594
2 0.4690705128205128 0.11894011406844106 0.6919871794871795 0.058222433460076044
0 0.46330128205128207 0.2520199619771863 0.6939102564102564 0.22552281368821292
2 0.44487179487179485 0.37987167300380226 0.5826923076923077 0.03635931558935361
2 0.7858974358974359 0.0844819391634981 0.03717948717948718 0.016872623574144485
2 0.23076923076923078 0.41634980988593157 0.20576923076923076 0.025190114068441065
2 0.452724358974359 0.46554182509505704 0.7003205128205128 0.07224334600760456
2 0.21233974358974358 0.5212690114068441 0.20608974358974358 0.03065589353612167
2 0.44727564102564105 0.6259505703422054 0.7163461538461539 0.06131178707224334
3 0.4440705128205128 0.5102186311787072 0.13685897435897437 0.02043726235741445
3 0.43814102564102564 0.5680846007604563 0.15064102564102563 0.06012357414448669
2 0.44903846153846155 0.718393536121673 0.7051282051282052 0.12452471482889733
2 0.44166666666666665 0.8151140684410646 0.7032051282051281 0.07319391634980989
2 0.7782051282051282 0.5147338403041825 0.058333333333333334 0.01758555133079848
2 0.7754807692307693 0.5550142585551331 0.05608974358974359 0.018773764258555134
2 0.7740384615384616 0.5760456273764258 0.057692307692307696 0.019961977186311788
2 0.7725961538461539 0.595532319391635 0.05480769230769231 0.014733840304182509
