2 0.49324324324324326 0.05489543726235741 0.41385135135135137 0.017110266159695818
2 0.8762668918918919 0.04752851711026616 0.07179054054054054 0.011406844106463879
2 0.06271114864864866 0.06356939163498099 0.06207770270270271 0.010218631178707225
2 0.7065033783783784 0.08305608365019011 0.4391891891891892 0.03493346007604563
2 0.7149493243243243 0.2843393536121673 0.44847972972972977 0.1637357414448669
0 0.6009290540540541 0.15327946768060838 0.21452702702702703 0.09885931558935361
0 0.8182010135135136 0.15161596958174905 0.21494932432432434 0.09838403041825095
2 0.25358952702702703 0.18880703422053233 0.45143581081081086 0.22457224334600762
2 0.2565456081081081 0.34636406844106465 0.43454391891891897 0.08436311787072243
0 0.7198057432432433 0.41254752851711024 0.24282094594594597 0.09268060836501901
1 0.26520270270270274 0.5970769961977186 0.43243243243243246 0.08103612167300381
2 0.1440033783783784 0.4057747148288973 0.20270270270270271 0.01449619771863118
2 0.2643581081081081 0.4844344106463878 0.43412162162162166 0.12476235741444867
2 0.2664695945945946 0.5519249049429658 0.11148648648648649 0.010218631178707225
2 0.7217060810810811 0.4656606463878327 0.19679054054054054 0.010693916349809885
2 0.7257179054054055 0.5520437262357415 0.42947635135135137 0.15874524714828897
2 0.2768158783783784 0.7264733840304183 0.4286317567567568 0.17775665399239543
2 0.5591216216216216 0.6434173003802282 0.09121621621621623 0.01449619771863118
2 0.7364864864864865 0.7365731939163498 0.4425675675675676 0.15755703422053233
