2 0.5152243589743589 0.0679657794676806 0.19583333333333333 0.01758555133079848
2 0.8564102564102564 0.0645199619771863 0.04551282051282051 0.01449619771863118
2 0.8669871794871795 0.1157319391634981 0.052564102564102565 0.01806083650190114
2 0.8725961538461539 0.1602899239543726 0.04583333333333333 0.01449619771863118
2 0.8701923076923077 0.21138307984790874 0.04423076923076923 0.021625475285171104
2 0.8721153846153846 0.2745960076045627 0.04423076923076923 0.015446768060836502
2 0.8730769230769231 0.3367395437262357 0.05512820512820513 0.02091254752851711
2 0.44326923076923075 0.09731463878326996 0.551923076923077 0.024477186311787073
2 0.40689102564102564 0.1411596958174905 0.5259615384615385 0.02043726235741445
2 0.37948717948717947 0.18167775665399238 0.4846153846153846 0.027328897338403043
2 0.31201923076923077 0.24798003802281368 0.32724358974358975 0.02352661596958175
2 0.27115384615384613 0.3141634980988593 0.2621794871794872 0.026615969581749048
2 0.5269230769230769 0.3842680608365019 0.757051282051282 0.046102661596958174
3 0.5064102564102564 0.12202946768060836 0.13076923076923078 0.02685361216730038
3 0.5059294871794872 0.1637357414448669 0.12403846153846154 0.02994296577946768
3 0.5131410256410256 0.21613593155893537 0.4782051282051282 0.046815589353612165
3 0.5088141025641025 0.2795865019011407 0.1266025641025641 0.042538022813688216
3 0.5110576923076923 0.3436311787072243 0.1439102564102564 0.03944866920152091
2 0.34775641025641024 0.42015209125475284 0.3467948717948718 0.017110266159695818
2 0.5286858974358974 0.4773051330798479 0.7580128205128205 0.1095532319391635
0 0.3967948717948718 0.6428231939163498 0.30256410256410254 0.22385931558935362
0 0.6971153846153846 0.6446055133079848 0.30705128205128207 0.22552281368821292
2 0.5294871794871795 0.7687737642585551 0.7339743589743589 0.022338403041825095
2 0.5333333333333333 0.8184410646387833 0.7596153846153846 0.06511406844106464
2 0.5426282051282051 0.8734553231939164 0.7782051282051282 0.0501425855513308
