2 0.49567307692307694 0.08543250950570343 0.21506410256410258 0.027328897338403043
2 0.5006410256410256 0.1449619771863118 0.7762820512820513 0.08317490494296578
2 0.8448717948717949 0.07972908745247148 0.05641025641025641 0.01449619771863118
2 0.5051282051282051 0.21482889733840305 0.7807692307692308 0.0594106463878327
0 0.5064102564102564 0.34826520912547526 0.5891025641025641 0.2107889733840304
2 0.5046474358974359 0.47231463878326996 0.7817307692307692 0.04348859315589353
2 0.3407051282051282 0.5218631178707225 0.3903846153846154 0.03326996197718631
2 0.5017628205128205 0.5712927756653993 0.7663461538461539 0.0594106463878327
3 0.49006410256410254 0.6175142585551331 0.2923076923076923 0.037785171102661594
3 0.49278846153846156 0.691777566539924 0.4092948717948718 0.03897338403041825
3 0.49727564102564104 0.7425142585551331 0.36955128205128207 0.03968631178707224
3 0.49567307692307694 0.8370960076045627 0.3560897435897436 0.03493346007604563
2 0.5019230769230769 0.6560123574144486 0.775 0.046340304182509506
2 0.24118589743589744 0.7188688212927756 0.24519230769230768 0.028041825095057035
2 0.38846153846153847 0.7917062737642585 0.5493589743589744 0.06677756653992395
2 0.775 0.7955085551330798 0.2326923076923077 0.06535171102661597
2 0.5118589743589743 0.8773764258555133 0.7929487179487179 0.045627376425855515
2 0.8604166666666667 0.844462927756654 0.06634615384615385 0.016397338403041826
2 0.8594551282051281 0.7441777566539924 0.06570512820512821 0.02400190114068441
2 0.8604166666666667 0.6948669201520913 0.0625 0.022813688212927757
2 0.8557692307692307 0.6168013307984791 0.06025641025641026 0.024477186311787073
