2 0.4658653846153846 0.04408269961977186 0.19134615384615383 0.031131178707224334
2 0.8174679487179487 0.04859790874524715 0.04391025641025641 0.016872623574144485
2 0.8328525641025641 0.10111692015209126 0.06955128205128205 0.019249049429657796
2 0.35 0.07319391634980989 0.558974358974359 0.036596958174904944
2 0.46266025641025643 0.2111454372623574 0.7881410256410256 0.1751425855513308
1 0.45865384615384613 0.36311787072243346 0.7846153846153846 0.07842205323193917
2 0.4641025641025641 0.314282319391635 0.4493589743589744 0.019724334600760455
2 0.2985576923076923 0.41836977186311786 0.3887820512820513 0.02400190114068441
2 0.4600961538461538 0.5184173003802282 0.7855769230769231 0.1651615969581749
2 0.4581730769230769 0.6954610266159695 0.7887820512820513 0.13616920152091255
2 0.17467948717948717 0.6139496197718631 0.13653846153846153 0.020199619771863117
2 0.4565705128205128 0.81606463878327 0.7817307692307692 0.026615969581749048
3 0.4514423076923077 0.784458174904943 0.1733974358974359 0.03564638783269962
3 0.4517628205128205 0.8692965779467681 0.3407051282051282 0.03802281368821293
3 0.23173076923076924 0.8380465779467681 0.3391025641025641 0.020199619771863117
3 0.8193910256410256 0.7849334600760456 0.05608974358974359 0.014733840304182509
3 0.8206730769230769 0.8653754752851711 0.058653846153846154 0.018773764258555134
