2 0.4326923076923077 0.05988593155893536 0.18974358974358974 0.025190114068441065
2 0.7730769230769231 0.06582699619771863 0.03653846153846154 0.014733840304182509
2 0.4256410256410256 0.12214828897338403 0.7596153846153846 0.08697718631178707
2 0.4221153846153846 0.29895437262357416 0.7673076923076924 0.057034220532319393
0 0.15416666666666667 0.40957699619771865 0.21474358974358973 0.14757604562737642
0 0.37932692307692306 0.4227661596958175 0.2092948717948718 0.155893536121673
0 0.6519230769230769 0.4202709125475285 0.3057692307692308 0.15042775665399238
0 0.4237179487179487 0.19748098859315588 0.7634615384615384 0.04467680608365019
3 0.4205128205128205 0.24477186311787072 0.3685897435897436 0.049904942965779464
3 0.4032051282051282 0.6812024714828897 0.6878205128205128 0.04491444866920152
3 0.4028846153846154 0.7793488593155894 0.2814102564102564 0.039211026615969584
2 0.41362179487179485 0.5528754752851711 0.7657051282051281 0.08578897338403042
2 0.4110576923076923 0.6276140684410646 0.7721153846153846 0.0594106463878327
2 0.4108974358974359 0.7306321292775665 0.7730769230769231 0.05679657794676806
2 0.4083333333333333 0.846601711026616 0.782051282051282 0.08769011406844106
