2 0.46602564102564104 0.07141159695817491 0.1987179487179487 0.028279467680608364
2 0.8200320512820513 0.07319391634980989 0.04326923076923077 0.01568441064638783
0 0.3386217948717949 0.21304657794676807 0.30865384615384617 0.23360266159695817
0 0.6439102564102565 0.21209600760456274 0.30448717948717946 0.23550380228136883
2 0.47099358974358974 0.3464828897338403 0.7689102564102565 0.04182509505703422
2 0.47676282051282054 0.4196768060836502 0.7708333333333334 0.0817490494296578
2 0.4738782051282051 0.48193916349809884 0.7733974358974359 0.04182509505703422
2 0.4735576923076923 0.5317252851711026 0.7644230769230769 0.04443916349809886
2 0.26474358974358975 0.5886406844106464 0.37115384615384617 0.02614068441064639
2 0.4700320512820513 0.6472195817490495 0.7766025641025641 0.06915399239543726
3 0.4625 0.691421102661597 0.14487179487179488 0.027328897338403043
3 0.8317307692307693 0.6974809885931559 0.06282051282051282 0.029467680608365018
3 0.3971153846153846 0.7381178707224335 0.6288461538461538 0.060836501901140684
3 0.7621794871794871 0.7290874524714829 0.16602564102564102 0.019961977186311788
3 0.4581730769230769 0.7940826996197718 0.6663461538461538 0.05346958174904943
3 0.37435897435897436 0.8431558935361216 0.3955128205128205 0.05228136882129278
2 0.8301282051282052 0.8140446768060836 0.04935897435897436 0.01782319391634981
2 0.47612179487179485 0.8871197718631179 0.7836538461538461 0.04515209125475285
