2 0.4778846153846154 0.08056083650190114 0.20256410256410257 0.02709125475285171
2 0.4775641025641026 0.14436787072243346 0.7525641025641026 0.04776615969581749
2 0.1998397435897436 0.2063925855513308 0.18942307692307692 0.031606463878326996
2 0.23798076923076922 0.2688925855513308 0.27532051282051284 0.02923003802281369
2 0.13237179487179487 0.3221245247148289 0.07628205128205129 0.021625475285171104
2 0.11169871794871795 0.37868346007604564 0.0266025641025641 0.02115019011406844
3 0.4706730769230769 0.11430608365019011 0.3137820512820513 0.02091254752851711
3 0.4793269230769231 0.18512357414448669 0.45224358974358975 0.04325095057034221
3 0.47483974358974357 0.24405893536121673 0.22596153846153846 0.04277566539923954
3 0.46778846153846154 0.3035884030418251 0.3631410256410256 0.046815589353612165
3 0.4639423076923077 0.35800855513307983 0.1842948717948718 0.05109315589353612
3 0.46282051282051284 0.4057747148288973 0.21025641025641026 0.032081749049429654
2 0.47868589743589746 0.45484790874524716 0.7727564102564103 0.08935361216730038
0 0.27580128205128207 0.6564876425855514 0.3471153846153846 0.29443916349809884
0 0.6511217948717949 0.6581511406844106 0.38814102564102565 0.30061787072243346
2 0.26971153846153845 0.8133317490494296 0.29134615384615387 0.022576045627376425
2 0.6556089743589744 0.8166587452471483 0.3112179487179487 0.023051330798479087
2 0.48205128205128206 0.8654942965779467 0.7794871794871795 0.07319391634980989
2 0.8290064102564103 0.3600285171102662 0.058653846153846154 0.013307984790874524
2 0.8238782051282051 0.40434885931558934 0.06314102564102564 0.02923003802281369
2 0.8256410256410256 0.2981226235741445 0.06153846153846154 0.022576045627376425
2 0.826602564102564 0.24322718631178708 0.06153846153846154 0.024477186311787073
2 0.8280448717948717 0.18417300380228135 0.05480769230769231 0.019486692015209126
