2 0.5016025641025641 0.05097433460076046 0.28525641025641024 0.027328897338403043
2 0.5038461538461538 0.09101711026615969 0.7769230769230769 0.05275665399239544
2 0.860897435897436 0.04752851711026616 0.051923076923076926 0.021863117870722433
2 0.23637820512820512 0.1277328897338403 0.19391025641025642 0.019249049429657796
2 0.29086538461538464 0.15042775665399238 0.3016025641025641 0.02899239543726236
3 0.4897435897435897 0.18429182509505704 0.3301282051282051 0.04729087452471483
2 0.4549679487179487 0.2149477186311787 0.6753205128205129 0.0278041825095057
2 0.12692307692307692 0.25190114068441066 0.028846153846153848 0.019486692015209126
2 0.38621794871794873 0.31665874524714827 0.5544871794871795 0.07057984790874525
2 0.7817307692307692 0.32307509505703425 0.22692307692307692 0.052519011406844104
2 0.8698717948717949 0.18346007604562736 0.052564102564102565 0.02091254752851711
2 0.8721153846153846 0.23847433460076045 0.05897435897435897 0.021625475285171104
2 0.8724358974358974 0.2813688212927757 0.03974358974358974 0.02376425855513308
2 0.8685897435897436 0.3596720532319392 0.05 0.018298479087452472
2 0.8674679487179487 0.40363593155893535 0.046474358974358976 0.014020912547528517
2 0.12788461538461537 0.3755941064638783 0.019230769230769232 0.018773764258555134
2 0.2405448717948718 0.4278754752851711 0.21634615384615385 0.027328897338403043
2 0.4205128205128205 0.4527091254752852 0.5480769230769231 0.02376425855513308
2 0.8677884615384616 0.4914448669201521 0.04903846153846154 0.019011406844106463
2 0.2455128205128205 0.5310123574144486 0.2762820512820513 0.019724334600760455
3 0.48878205128205127 0.24025665399239543 0.11987179487179488 0.025190114068441065
3 0.4971153846153846 0.280180608365019 0.1064102564102564 0.022338403041825095
3 0.4894230769230769 0.3587214828897338 0.06282051282051282 0.018773764258555134
3 0.496474358974359 0.4049429657794677 0.08653846153846154 0.02376425855513308
3 0.49775641025641026 0.4928707224334601 0.30641025641025643 0.060361216730038025
3 0.49278846153846156 0.5712927756653993 0.6259615384615385 0.06653992395437262
3 0.4810897435897436 0.6346245247148289 0.5307692307692308 0.06012357414448669
3 0.29246794871794873 0.6952233840304183 0.13685897435897437 0.06107414448669202
2 0.496474358974359 0.7461977186311787 0.782051282051282 0.05038022813688213
2 0.2298076923076923 0.7863593155893536 0.1737179487179487 0.02328897338403042
2 0.37772435897435896 0.8054895437262357 0.4791666666666667 0.023051330798479087
3 0.4846153846153846 0.8357889733840305 0.20448717948717948 0.04182509505703422
2 0.5009615384615385 0.8811787072243346 0.791025641025641 0.053231939163498096
2 0.8636217948717949 0.8411359315589354 0.05352564102564102 0.021625475285171104
