2 0.49407051282051284 0.04574619771863118 0.2342948717948718 0.015446768060836502
2 0.8322115384615385 0.05049904942965779 0.04326923076923077 0.01211977186311787
2 0.5176282051282052 0.09375 0.6967948717948718 0.05537072243346008
2 0.3876602564102564 0.15423003802281368 0.5272435897435898 0.053231939163498096
2 0.38637820512820514 0.2104325095057034 0.5240384615384616 0.05489543726235741
2 0.5 0.26223859315589354 0.7589743589743589 0.03826045627376426
0 0.7676282051282052 0.18322243346007605 0.22179487179487178 0.11549429657794677
2 0.5073717948717948 0.34933460076045625 0.7756410256410257 0.13688212927756654
2 0.5267628205128205 0.5629752851711026 0.7400641025641026 0.10218631178707224
3 0.3802884615384615 0.46340304182509506 0.1092948717948718 0.06653992395437262
3 0.5756410256410256 0.46423479087452474 0.1564102564102564 0.09196768060836502
2 0.5059294871794872 0.6869058935361216 0.778525641025641 0.13949619771863117
2 0.20448717948717948 0.7730513307984791 0.18076923076923077 0.016159695817490494
3 0.39791666666666664 0.8319866920152091 0.12724358974358974 0.06653992395437262
3 0.5746794871794871 0.8307984790874524 0.14294871794871794 0.10313688212927756
