2 0.4655448717948718 0.05548954372623574 0.18685897435897436 0.028754752851711026
2 0.8051282051282052 0.06570817490494296 0.04423076923076923 0.017347908745247147
2 0.4565705128205128 0.13688212927756654 0.7721153846153846 0.15446768060836502
3 0.45240384615384616 0.24263307984790874 0.16314102564102564 0.03802281368821293
2 0.8096153846153846 0.25 0.05064102564102564 0.01568441064638783
2 0.8094551282051282 0.34838403041825095 0.05416666666666667 0.01806083650190114
3 0.44375 0.3457699619771863 0.2625 0.04230038022813688
2 0.44182692307692306 0.4611454372623574 0.7631410256410256 0.20128326996197718
2 0.4461538461538462 0.29134980988593157 0.7685897435897436 0.06131178707224334
0 0.16891025641025642 0.6611216730038023 0.21025641025641026 0.15304182509505704
0 0.38958333333333334 0.658745247148289 0.21057692307692308 0.14543726235741444
0 0.6677884615384615 0.6631416349809885 0.3137820512820513 0.17038973384030418
2 0.4371794871794872 0.7888545627376425 0.7788461538461539 0.04206273764258555
2 0.4371794871794872 0.8361454372623575 0.7807692307692308 0.042538022813688216
3 0.4235576923076923 0.8741682509505704 0.1798076923076923 0.032081749049429654
2 0.7897435897435897 0.8748811787072244 0.06217948717948718 0.02352661596958175
