2 0.4346153846153846 0.06784695817490494 0.16282051282051282 0.021625475285171104
2 0.7733974358974359 0.06416349809885931 0.03782051282051282 0.012832699619771864
2 0.4354166666666667 0.11965304182509505 0.7445512820512821 0.05679657794676806
2 0.43301282051282053 0.1793013307984791 0.757051282051282 0.05727186311787072
2 0.43990384615384615 0.28457699619771865 0.7637820512820512 0.14852661596958175
0 0.2778846153846154 0.46459125475285173 0.20384615384615384 0.19961977186311786
0 0.5564102564102564 0.4619771863117871 0.35705128205128206 0.19771863117870722
0 0.27708333333333335 0.6634980988593155 0.20544871794871794 0.19629277566539924
0 0.5713141025641025 0.6595769961977186 0.3516025641025641 0.19748098859315588
2 0.45096153846153847 0.7930133079847909 0.7711538461538462 0.058935361216730035
2 0.45256410256410257 0.8628802281368821 0.7717948717948718 0.06844106463878327
