2 0.4479166666666667 0.08947243346007605 0.253525641025641 0.027328897338403043
2 0.44358974358974357 0.1333174904942966 0.6974358974358974 0.0556083650190114
2 0.763301282051282 0.09173003802281368 0.0375 0.013307984790874524
0 0.19407051282051282 0.2122148288973384 0.2016025641025641 0.12262357414448669
0 0.19807692307692307 0.3348384030418251 0.20256410256410257 0.12357414448669202
0 0.44583333333333336 0.21673003802281368 0.2064102564102564 0.12214828897338403
0 0.4469551282051282 0.33935361216730037 0.2144230769230769 0.12309885931558935
0 0.6959935897435897 0.33911596958174905 0.22147435897435896 0.12309885931558935
0 0.6982371794871794 0.21815589353612166 0.2125 0.1112167300380228
2 0.45096153846153847 0.4354800380228137 0.16666666666666666 0.023051330798479087
2 0.4512820512820513 0.49085076045627374 0.7121794871794872 0.08293726235741444
2 0.4496794871794872 0.5936311787072244 0.7173076923076923 0.0470532319391635
2 0.266025641025641 0.6320104562737643 0.3096153846153846 0.020199619771863117
2 0.4016025641025641 0.6529230038022814 0.5608974358974359 0.020199619771863117
2 0.4584935897435897 0.691777566539924 0.6387820512820512 0.024714828897338403
2 0.28846153846153844 0.7116207224334601 0.36025641025641025 0.021625475285171104
2 0.4189102564102564 0.7301568441064639 0.6211538461538462 0.024952471482889732
3 0.44342948717948716 0.6741920152091254 0.28173076923076923 0.022338403041825095
3 0.4376602564102564 0.750356463878327 0.10480769230769231 0.02352661596958175
3 0.44310897435897434 0.8283032319391634 0.20096153846153847 0.03588403041825095
2 0.33413461538461536 0.7742395437262357 0.3836538461538462 0.028041825095057035
2 0.3559294871794872 0.8033507604562737 0.4766025641025641 0.02400190114068441
2 0.45256410256410257 0.8558697718631179 0.732051282051282 0.024952471482889732
2 0.7838141025641026 0.8243821292775665 0.052884615384615384 0.01806083650190114
2 0.7575320512820513 0.7785171102661597 0.0733974358974359 0.019486692015209126
2 0.7855769230769231 0.7502376425855514 0.05 0.01758555133079848
2 0.7834935897435897 0.6694391634980988 0.05416666666666667 0.019486692015209126
