2 0.4735576923076923 0.07224334600760456 0.20737179487179488 0.02091254752851711
2 0.809775641025641 0.06059885931558935 0.04262820512820513 0.013307984790874524
2 0.8294871794871795 0.11276140684410646 0.05961538461538462 0.016872623574144485
3 0.4708333333333333 0.12179182509505704 0.25256410256410255 0.061549429657794676
2 0.4830128205128205 0.19700570342205323 0.7391025641025641 0.10693916349809886
2 0.48493589743589743 0.2863593155893536 0.7352564102564103 0.08602661596958175
2 0.4841346153846154 0.3571768060836502 0.7426282051282052 0.0655893536121673
2 0.4892628205128205 0.408388783269962 0.7477564102564103 0.046340304182509506
2 0.8389423076923077 0.43215304182509506 0.0516025641025641 0.015446768060836502
2 0.8346153846153846 0.4771863117870722 0.058333333333333334 0.016159695817490494
3 0.4798076923076923 0.4398764258555133 0.28397435897435896 0.019486692015209126
3 0.4774038461538462 0.4814638783269962 0.38108974358974357 0.019011406844106463
2 0.14262820512820512 0.4636406844106464 0.0641025641025641 0.02091254752851711
2 0.4878205128205128 0.5506178707224335 0.7576923076923077 0.1126425855513308
2 0.2520833333333333 0.629277566539924 0.2189102564102564 0.019486692015209126
2 0.3625 0.6795389733840305 0.4826923076923077 0.08531368821292776
2 0.36169871794871794 0.7637832699619772 0.4951923076923077 0.08602661596958175
0 0.7418269230769231 0.7315826996197718 0.2759615384615385 0.1936787072243346
2 0.7432692307692308 0.8490969581749049 0.24102564102564103 0.03849809885931559
2 0.3685897435897436 0.8404230038022814 0.5025641025641026 0.06012357414448669
