2 0.5230769230769231 0.06511406844106464 0.19423076923076923 0.030418250950570342
2 0.8567307692307692 0.06939163498098859 0.04871794871794872 0.021863117870722433
2 0.5248397435897436 0.11014733840304182 0.7766025641025641 0.061549429657794676
2 0.2516025641025641 0.15149714828897337 0.17435897435897435 0.02067490494296578
2 0.5168269230769231 0.22338403041825095 0.794551282051282 0.12975285171102663
0 0.4131410256410256 0.3815351711026616 0.24423076923076922 0.1760931558935361
0 0.6572115384615385 0.3845057034220532 0.24455128205128204 0.17157794676806085
0 0.4075320512820513 0.5528754752851711 0.24775641025641026 0.17561787072243346
0 0.6524038461538462 0.5567965779467681 0.2407051282051282 0.17300380228136883
2 0.5064102564102564 0.65268536121673 0.5551282051282052 0.02400190114068441
2 0.5086538461538461 0.778398288973384 0.7916666666666666 0.22409695817490494
