2 0.5177884615384616 0.10812737642585551 0.19326923076923078 0.025190114068441065
2 0.8424679487179487 0.10289923954372623 0.05096153846153846 0.014733840304182509
2 0.17275641025641025 0.14222908745247148 0.05576923076923077 0.02923003802281369
2 0.48525641025641025 0.17561787072243346 0.6564102564102564 0.02423954372623574
2 0.42580128205128204 0.1987880228136882 0.5208333333333334 0.023051330798479087
2 0.5246794871794872 0.22825570342205323 0.717948717948718 0.03635931558935361
2 0.5211538461538462 0.2730513307984791 0.7166666666666667 0.05750950570342205
2 0.5238782051282052 0.32426330798479086 0.7131410256410257 0.041112167300380226
2 0.5296474358974359 0.36525665399239543 0.7381410256410257 0.03754752851711027
0 0.4150641025641026 0.4340541825095057 0.20448717948717948 0.1057509505703422
0 0.6110576923076924 0.43452946768060835 0.20096153846153847 0.10052281368821293
0 0.5160256410256411 0.5339828897338403 0.21602564102564104 0.09695817490494296
0 0.5134615384615384 0.7193441064638784 0.32756410256410257 0.18393536121673004
2 0.5216346153846154 0.6049192015209125 0.7201923076923077 0.0401615969581749
2 0.46137820512820515 0.8222433460076045 0.6080128205128205 0.026615969581749048
2 0.5274038461538462 0.8805846007604563 0.7426282051282052 0.08673954372623574
