2 0.5256410256410257 0.07105513307984791 0.20512820512820512 0.01806083650190114
2 0.8708333333333333 0.06808460076045628 0.04871794871794872 0.015446768060836502
2 0.290224358974359 0.10420627376425856 0.27724358974358976 0.024477186311787073
2 0.5290064102564103 0.16266634980988592 0.760576923076923 0.04158745247148289
2 0.527724358974359 0.26247623574144485 0.7637820512820512 0.08246197718631179
2 0.28958333333333336 0.3215304182509506 0.2144230769230769 0.02709125475285171
2 0.527724358974359 0.36181083650190116 0.7862179487179487 0.058222433460076044
2 0.5237179487179487 0.4377376425855513 0.7801282051282051 0.04182509505703422
3 0.5195512820512821 0.20971958174904942 0.15 0.03873574144486692
3 0.5216346153846154 0.1315351711026616 0.25544871794871793 0.031131178707224334
2 0.8854166666666666 0.12630703422053233 0.046474358974358976 0.019249049429657796
2 0.8905448717948717 0.20520437262357413 0.03621794871794872 0.02067490494296578
3 0.5139423076923076 0.40375475285171103 0.3926282051282051 0.0185361216730038
3 0.5192307692307693 0.47409695817490494 0.2358974358974359 0.039923954372623575
3 0.5064102564102564 0.5085551330798479 0.1608974358974359 0.03184410646387833
2 0.159775641025641 0.5073669201520913 0.02467948717948718 0.014733840304182509
2 0.3644230769230769 0.5357652091254753 0.4371794871794872 0.019724334600760455
2 0.5283653846153846 0.5648764258555133 0.1528846153846154 0.01758555133079848
1 0.5291666666666667 0.6241682509505704 0.5608974358974359 0.09862167300380228
2 0.5331730769230769 0.7362167300380228 0.780448717948718 0.10979087452471482
2 0.5310897435897436 0.8311549429657794 0.791025641025641 0.06915399239543726
2 0.5294871794871795 0.8998336501901141 0.7782051282051282 0.023051330798479087
