0 0.4425675675675676 0.1400903041825095 0.21030405405405406 0.14995247148288973
0 0.6446368243243243 0.13759505703422054 0.2039695945945946 0.1487642585551331
0 0.8481841216216217 0.13616920152091255 0.20143581081081083 0.15399239543726237
2 0.6081081081081081 0.22160171102661597 0.5219594594594595 0.013545627376425855
2 0.16047297297297297 0.07652091254752852 0.27533783783783783 0.02138783269961977
2 0.8051097972972974 0.39650665399239543 0.2690033783783784 0.022100760456273766
2 0.8114442567567568 0.3097671102661597 0.296875 0.13474334600760457
2 0.8344594594594595 0.5559648288973384 0.31672297297297297 0.29206273764258556
2 0.5171030405405406 0.47278992395437264 0.3205236486486487 0.4584125475285171
2 0.20586993243243246 0.40019011406844107 0.32643581081081086 0.6178707224334601
