2 0.5081730769230769 0.08305608365019011 0.21762820512820513 0.024952471482889732
2 0.8245192307692307 0.08186787072243346 0.052884615384615384 0.01782319391634981
0 0.5125 0.24465304182509506 0.5987179487179487 0.29443916349809884
0 0.5225961538461539 0.5409933460076045 0.6375 0.3025190114068441
2 0.502724358974359 0.7035408745247148 0.6503205128205128 0.02923003802281369
2 0.2671474358974359 0.7359790874524714 0.26955128205128204 0.03849809885931559
2 0.5032051282051282 0.7779230038022814 0.7891025641025641 0.07628326996197718
2 0.4655448717948718 0.815351711026616 0.6458333333333334 0.02091254752851711
3 0.48878205128205127 0.8348384030418251 0.1371794871794872 0.022338403041825095
3 0.48669871794871794 0.8691777566539924 0.2016025641025641 0.05299429657794677
2 0.85625 0.84018536121673 0.058653846153846154 0.020199619771863117
2 0.8525641025641025 0.8691777566539924 0.06025641025641026 0.02115019011406844
