2 0.45240384615384616 0.08864068441064639 0.2791666666666667 0.022338403041825095
3 0.79375 0.08519486692015209 0.03493589743589744 0.014020912547528517
3 0.43862179487179487 0.15981463878326996 0.6605769230769231 0.02970532319391635
3 0.20048076923076924 0.12987167300380228 0.2092948717948718 0.02352661596958175
3 0.45080128205128206 0.19593631178707224 0.27403846153846156 0.046815589353612165
3 0.44471153846153844 0.25451520912547526 0.42596153846153845 0.04420152091254753
2 0.16330128205128205 0.22385931558935362 0.16698717948717948 0.021863117870722433
2 0.808974358974359 0.1911834600760456 0.060897435897435896 0.019724334600760455
2 0.8086538461538462 0.2509505703422053 0.04551282051282051 0.016159695817490494
2 0.4583333333333333 0.3719106463878327 0.764102564102564 0.20912547528517111
0 0.18814102564102564 0.5697480988593155 0.23333333333333334 0.18084600760456274
0 0.45080128205128206 0.5717680608365019 0.29455128205128206 0.18250950570342206
0 0.71875 0.5692728136882129 0.2375 0.1789448669201521
0 0.46298076923076925 0.8019249049429658 0.555448717948718 0.10147338403041825
2 0.45865384615384613 0.7105513307984791 0.7653846153846153 0.060361216730038025
2 0.46089743589743587 0.8988830798479087 0.6942307692307692 0.028754752851711026
2 0.45881410256410254 0.8663260456273765 0.2875 0.022576045627376425
