2 0.5422297297297297 0.13307984790874525 0.7103040540540541 0.12167300380228137
3 0.5614442567567568 0.2149477186311787 0.39907094594594594 0.046340304182509506
2 0.5489864864864865 0.26984315589353614 0.7212837837837838 0.05537072243346008
3 0.5470861486486487 0.31618346007604564 0.4100506756756757 0.03635931558935361
3 0.5633445945945946 0.3505228136882129 0.4273648648648649 0.03374524714828897
2 0.5582770270270271 0.40506178707224333 0.7204391891891893 0.07675855513307984
3 0.5570101351351352 0.4546102661596958 0.13429054054054054 0.019486692015209126
2 0.5633445945945946 0.5136644486692015 0.7179054054054055 0.09862167300380228
3 0.5646114864864865 0.5777091254752852 0.5143581081081081 0.026615969581749048
2 0.5694679054054055 0.6535171102661597 0.7250844594594595 0.13640684410646386
2 0.5297719594594595 0.7401378326996197 0.6380912162162162 0.020199619771863117
