2 0.46442307692307694 0.07521387832699619 0.20384615384615384 0.019724334600760455
2 0.46778846153846154 0.15886406844106463 0.7791666666666667 0.12238593155893536
2 0.8137820512820513 0.07307509505703422 0.051923076923076926 0.016872623574144485
2 0.4716346153846154 0.27174429657794674 0.7817307692307692 0.10052281368821293
2 0.46955128205128205 0.3758317490494297 0.7698717948717949 0.10194866920152092
2 0.7389423076923077 0.45686787072243346 0.21506410256410258 0.03255703422053232
2 0.352724358974359 0.46684885931558934 0.5426282051282051 0.07770912547528518
2 0.47099358974358974 0.5224572243346007 0.20224358974358975 0.014020912547528517
1 0.4700320512820513 0.591967680608365 0.7599358974358974 0.12024714828897339
0 0.496474358974359 0.7609315589353612 0.6358974358974359 0.21673003802281368
2 0.46939102564102564 0.8834363117870723 0.5317307692307692 0.023051330798479087
