2 0.4953525641025641 0.0470532319391635 0.22083333333333333 0.025190114068441065
2 0.8376602564102564 0.047409695817490494 0.04519230769230769 0.020199619771863117
2 0.49439102564102566 0.29479562737642584 0.7919871794871794 0.0439638783269962
2 0.4953525641025641 0.3653754752851711 0.7919871794871794 0.07913498098859316
0 0.36762820512820515 0.5192490494296578 0.2967948717948718 0.22576045627376426
0 0.66875 0.5192490494296578 0.3016025641025641 0.2300380228136882
2 0.5 0.6506653992395437 0.7955128205128205 0.03849809885931559
2 0.24326923076923077 0.7100760456273765 0.23846153846153847 0.03279467680608365
2 0.5009615384615385 0.7610503802281369 0.8051282051282052 0.06772813688212928
2 0.1889423076923077 0.809648288973384 0.14134615384615384 0.02091254752851711
2 0.4987179487179487 0.8431558935361216 0.8134615384615385 0.03897338403041825
2 0.8697115384615385 0.8755941064638784 0.04903846153846154 0.017347908745247147
3 0.4863782051282051 0.876069391634981 0.21762820512820513 0.033507604562737645
