2 0.4705128205128205 0.03956749049429658 0.1673076923076923 0.01782319391634981
2 0.8209935897435897 0.04479562737642585 0.033012820512820513 0.013070342205323195
2 0.4673076923076923 0.10123574144486693 0.783974358974359 0.07984790874524715
2 0.2701923076923077 0.16088403041825095 0.32243589743589746 0.01568441064638783
2 0.29294871794871796 0.18155893536121673 0.3641025641025641 0.019486692015209126
3 0.430448717948718 0.20532319391634982 0.2923076923076923 0.026615969581749048
3 0.48205128205128206 0.23942490494296578 0.31025641025641026 0.037785171102661594
3 0.4171474358974359 0.27602186311787075 0.1733974358974359 0.033507604562737645
3 0.39615384615384613 0.311787072243346 0.13846153846153847 0.034220532319391636
2 0.46826923076923077 0.3508792775665399 0.7846153846153846 0.041112167300380226
3 0.4657051282051282 0.39448669201520914 0.13846153846153847 0.03849809885931559
3 0.46634615384615385 0.4969106463878327 0.18525641025641026 0.04134980988593156
2 0.46955128205128205 0.44118346007604564 0.7942307692307692 0.06392585551330798
2 0.4737179487179487 0.5499049429657795 0.7878205128205128 0.06844106463878327
2 0.8391025641025641 0.3922290874524715 0.04038461538461539 0.017347908745247147
0 0.19807692307692307 0.6765684410646388 0.2141025641025641 0.17110266159695817
0 0.44471153846153844 0.6774001901140685 0.26955128205128204 0.1751425855513308
0 0.71875 0.6781131178707225 0.27147435897435895 0.17799429657794677
2 0.46810897435897436 0.7899239543726235 0.780448717948718 0.036596958174904944
2 0.24903846153846154 0.8467205323193916 0.2794871794871795 0.01806083650190114
2 0.3004807692307692 0.8689401140684411 0.38301282051282054 0.01782319391634981
3 0.47099358974358974 0.8893773764258555 0.4996794871794872 0.023051330798479087
