2 0.49439102564102566 0.0556083650190114 0.19134615384615383 0.01568441064638783
2 0.49599358974358976 0.14710076045627377 0.7419871794871795 0.15114068441064638
2 0.8272435897435897 0.048716730038022814 0.03974358974358974 0.014258555133079848
2 0.22003205128205128 0.23847433460076045 0.1375 0.016397338403041826
2 0.321474358974359 0.26152566539923955 0.3211538461538462 0.028279467680608364
3 0.4876602564102564 0.3133317490494297 0.18942307692307692 0.07913498098859316
2 0.44326923076923075 0.36383079847908745 0.6358974358974359 0.01806083650190114
1 0.4980769230769231 0.4361929657794677 0.25833333333333336 0.11668250950570343
2 0.2296474358974359 0.5104562737642585 0.2169871794871795 0.019011406844106463
2 0.5064102564102564 0.6189401140684411 0.7717948717948718 0.19557984790874525
2 0.4983974358974359 0.7340779467680608 0.16794871794871793 0.019961977186311788
1 0.5020833333333333 0.8058460076045627 0.7695512820512821 0.12024714828897339
