2 0.5319982585981715 0.06837035054856837 0.34392686112320414 0.0280974043350281
2 0.8160644318676534 0.07492641156007493 0.04484109708315193 0.01337971635001338
2 0.4449281671745755 0.1321915975381322 0.8010448410970831 0.0850949959860851
1 0.44928167174575534 0.21902595664971902 0.3569873748367436 0.08161626973508161
2 0.25925119721375706 0.274016590848274 0.41401828471919894 0.017661225582017662
2 0.3127993034392686 0.32365533850682365 0.5245973008271658 0.060208723575060207
2 0.43970396168915976 0.3821246989563821 0.7905964301262516 0.037998394434038
2 0.44623421854592943 0.4327000267594327 0.783630822812364 0.04495584693604496
2 0.4497170222028733 0.5081616269735082 0.7723117109272964 0.0941932031040942
1 0.5474531998258598 0.7768263312817768 0.5707444492816717 0.08884131656408883
1 0.4934697431432303 0.662028364998662 0.4601654331737048 0.05565962001605566
2 0.4453635176316935 0.5777361519935778 0.7862429255550718 0.039603960396039604
2 0.3319547235524597 0.6158683435911159 0.562908141053548 0.01792881990901793
2 0.43926861123204175 0.706984211934707 0.7784066173269482 0.024083489430024082
2 0.44188071397474965 0.8394434037998394 0.7688289072703526 0.02354830077602355
2 0.48606878537222464 0.8644634733743645 0.7013495864170657 0.01578806529301579
3 0.1258162821070962 0.776960128445277 0.09577710056595559 0.022745517795022745
3 0.12516325642141923 0.6608241905271608 0.08837614279494993 0.02006957452502007
