2 0.4857371794871795 0.11014733840304182 0.7817307692307692 0.08388783269961977
2 0.46602564102564104 0.04847908745247148 0.20448717948717948 0.025190114068441065
2 0.8314102564102565 0.04895437262357415 0.05961538461538462 0.01758555133079848
2 0.25801282051282054 0.1798954372623574 0.29743589743589743 0.028517110266159697
2 0.48221153846153847 0.2603374524714829 0.8067307692307693 0.1342680608365019
2 0.26794871794871794 0.342324144486692 0.3326923076923077 0.02352661596958175
2 0.47147435897435896 0.3834363117870722 0.8006410256410257 0.06725285171102661
0 0.3375 0.535171102661597 0.31794871794871793 0.23098859315589354
0 0.6536858974358974 0.5349334600760456 0.29967948717948717 0.21863117870722434
0 0.33926282051282053 0.7672290874524714 0.319551282051282 0.23217680608365018
0 0.6501602564102564 0.7660408745247148 0.31506410256410255 0.23978136882129278
2 0.4685897435897436 0.8950807984790875 0.48717948717948717 0.02637832699619772
