2 0.46282051282051284 0.09695817490494296 0.18205128205128204 0.02899239543726236
2 0.7915064102564102 0.09481939163498099 0.05480769230769231 0.017110266159695818
2 0.18108974358974358 0.15470532319391636 0.16153846153846155 0.03564638783269962
2 0.4684294871794872 0.19237167300380228 0.7349358974358975 0.04966730038022814
2 0.4735576923076923 0.25463403041825095 0.7496794871794872 0.08341254752851711
0 0.4685897435897436 0.37274239543726234 0.5801282051282052 0.14567490494296578
2 0.46923076923076923 0.4505703422053232 0.4935897435897436 0.02091254752851711
2 0.47275641025641024 0.5081986692015209 0.7544871794871795 0.09149239543726236
0 0.4717948717948718 0.6114543726235742 0.6044871794871794 0.12167300380228137
2 0.475801282051282 0.685004752851711 0.5746794871794871 0.030180608365019013
2 0.475 0.7347908745247148 0.7519230769230769 0.06511406844106464
2 0.477724358974359 0.8138070342205324 0.7483974358974359 0.10004752851711027
2 0.4825320512820513 0.8880703422053232 0.7599358974358974 0.04895437262357415
