2 0.5523648648648649 0.08044201520912547 0.41722972972972977 0.014020912547528517
2 0.9172297297297298 0.08281844106463879 0.0641891891891892 0.01211977186311787
2 0.13239020270270271 0.07818441064638783 0.07052364864864866 0.012357414448669201
2 0.30130912162162166 0.11418726235741444 0.4227195945945946 0.04348859315589353
2 0.6138091216216216 0.10515684410646388 0.16173986486486489 0.015922053231939164
2 0.7423986486486487 0.22397813688212928 0.41638513513513514 0.22124524714828897
0 0.3034206081081081 0.22385931558935362 0.40076013513513514 0.17015209125475286
2 0.30827702702702703 0.31725285171102663 0.15540540540540543 0.012357414448669201
0 0.30426520270270274 0.3998336501901141 0.38893581081081086 0.14710076045627377
0 0.7421875 0.40137832699619774 0.3813344594594595 0.1288022813688213
2 0.31059966216216217 0.4811074144486692 0.21832770270270271 0.009743346007604563
2 0.7411317567567568 0.47350285171102663 0.23310810810810811 0.013070342205323195
0 0.7364864864864865 0.5338640684410646 0.38682432432432434 0.10622623574144487
2 0.3173564189189189 0.5461026615969582 0.39907094594594594 0.11787072243346007
2 0.3114442567567568 0.6134743346007605 0.24535472972972974 0.011169201520912548
2 0.7377533783783784 0.5967205323193916 0.22466216216216217 0.010931558935361217
2 0.7383868243243243 0.6095532319391634 0.21241554054054054 0.009505703422053232
1 0.738597972972973 0.6461501901140685 0.3986486486486487 0.0655893536121673
1 0.3158783783783784 0.6505465779467681 0.40456081081081086 0.06297528517110267
0 0.2191722972972973 0.7349096958174904 0.18496621621621623 0.0971958174904943
0 0.41195101351351354 0.7341967680608364 0.19636824324324326 0.09814638783269962
2 0.3175675675675676 0.7900427756653993 0.23986486486486489 0.01164448669201521
2 0.7428209459459459 0.7388307984790875 0.39780405405405406 0.11929657794676805
