2 0.48543074324324326 0.01188212927756654 0.5164695945945946 0.019961977186311788
2 0.8857685810810811 0.015327946768060836 0.07728040540540541 0.015446768060836502
2 0.0551097972972973 0.016397338403041826 0.07052364864864866 0.010456273764258554
0 0.24028716216216217 0.13070342205323193 0.4256756756756757 0.17538022813688212
1 0.7206503378378378 0.2105513307984791 0.39822635135135137 0.11074144486692016
2 0.5466638513513514 0.04895437262357415 0.12204391891891893 0.01568441064638783
2 0.5605996621621622 0.07723384030418251 0.14991554054054054 0.011406844106463879
2 0.7191722972972974 0.11192965779467681 0.45016891891891897 0.05608365019011407
2 0.7200168918918919 0.14912072243346008 0.31841216216216217 0.01164448669201521
2 0.24514358108108109 0.2214828897338403 0.10261824324324324 0.012832699619771864
2 0.08467060810810811 0.2454847908745247 0.13386824324324326 0.012357414448669201
2 0.25422297297297297 0.533745247148289 0.4560810810810811 0.5442015209125475
2 0.7271959459459459 0.3887832699619772 0.44172297297297297 0.24477186311787072
2 0.5709459459459459 0.5181796577946768 0.13513513513513514 0.01449619771863118
2 0.7295185810810811 0.5409933460076045 0.4379222972972973 0.028754752851711026
2 0.7303631756756758 0.561430608365019 0.2580236486486487 0.01211977186311787
1 0.7297297297297298 0.6115731939163498 0.3910472972972973 0.09291825095057034
2 0.5865709459459459 0.6695579847908745 0.14949324324324326 0.013545627376425855
2 0.7381756756756758 0.7334838403041825 0.44847972972972977 0.11383079847908745
