2 0.48669871794871794 0.06309410646387832 0.20673076923076922 0.020199619771863117
2 0.8248397435897435 0.06238117870722434 0.03685897435897436 0.015922053231939164
0 0.2669871794871795 0.1940351711026616 0.2878205128205128 0.2098384030418251
0 0.54375 0.19284695817490494 0.28878205128205126 0.21316539923954372
2 0.15336538461538463 0.3041825095057034 0.07532051282051282 0.017110266159695818
2 0.45400641025641025 0.3039448669201521 0.08621794871794872 0.013307984790874524
2 0.4565705128205128 0.5257842205323194 0.08365384615384615 0.018773764258555134
2 0.1641025641025641 0.5275665399239544 0.06153846153846154 0.015209125475285171
0 0.26842948717948717 0.4144486692015209 0.2849358974358974 0.2076996197718631
0 0.548397435897436 0.4145674904942966 0.2846153846153846 0.20651140684410646
0 0.7711538461538462 0.24429657794676807 0.16153846153846155 0.12452471482889733
0 0.7677884615384616 0.46494771863117873 0.16762820512820512 0.12238593155893536
2 0.4931089743589744 0.5548954372623575 0.7798076923076923 0.0370722433460076
2 0.49599358974358976 0.6437737642585551 0.7740384615384616 0.12072243346007605
2 0.2173076923076923 0.7298003802281369 0.16987179487179488 0.027566539923954372
2 0.5043269230769231 0.7722195817490495 0.7746794871794872 0.08626425855513307
2 0.5020833333333333 0.8597908745247148 0.7753205128205128 0.09553231939163498
