2 0.47692307692307695 0.09303707224334601 0.21025641025641026 0.028754752851711026
2 0.8057692307692308 0.09517585551330798 0.04935897435897436 0.018773764258555134
2 0.4905448717948718 0.1482889733840304 0.7381410256410257 0.07604562737642585
2 0.49150641025641023 0.2731701520912547 0.7625 0.1689638783269962
2 0.4908653846153846 0.4439163498098859 0.739423076923077 0.17110266159695817
2 0.48878205128205127 0.5475285171102662 0.7410256410256411 0.04134980988593156
2 0.48381410256410257 0.5968393536121673 0.7253205128205128 0.06440114068441065
2 0.4842948717948718 0.6657557034220533 0.7352564102564103 0.07818441064638783
2 0.48541666666666666 0.7458412547528517 0.7522435897435897 0.08578897338403042
2 0.4963141025641026 0.839472433460076 0.7657051282051281 0.10147338403041825
