3 0.48333333333333334 0.17870722433460076 0.4282051282051282 0.1596958174904943
2 0.48830128205128204 0.09113593155893536 0.25737179487179485 0.033507604562737645
2 0.8145833333333333 0.0975522813688213 0.0483974358974359 0.014020912547528517
2 0.8254807692307692 0.1840541825095057 0.05673076923076923 0.017347908745247147
2 0.3419871794871795 0.2561787072243346 0.46153846153846156 0.034695817490494295
2 0.48365384615384616 0.310717680608365 0.7384615384615385 0.10480038022813688
2 0.3655448717948718 0.3981701520912547 0.5150641025641025 0.06962927756653993
2 0.7208333333333333 0.3898526615969582 0.21923076923076923 0.02637832699619772
2 0.12692307692307692 0.4865731939163498 0.047435897435897434 0.023051330798479087
3 0.46762820512820513 0.4591254752851711 0.22371794871794873 0.054657794676806086
3 0.46618589743589745 0.5515684410646388 0.1907051282051282 0.10551330798479087
3 0.4685897435897436 0.6945104562737643 0.3346153846153846 0.14852661596958175
2 0.3905448717948718 0.6107414448669202 0.5836538461538462 0.030893536121673004
2 0.8181089743589743 0.5540636882129277 0.05480769230769231 0.018298479087452472
2 0.8221153846153846 0.46447243346007605 0.05705128205128205 0.024952471482889732
2 0.8197115384615384 0.6993821292775665 0.06442307692307692 0.0185361216730038
2 0.47099358974358974 0.7989543726235742 0.7490384615384615 0.07652091254752852
3 0.45625 0.8528992395437263 0.21185897435897436 0.04515209125475285
2 0.4700320512820513 0.8884268060836502 0.7637820512820512 0.031131178707224334
2 0.8142628205128205 0.8576520912547528 0.06570512820512821 0.02043726235741445
