2 0.4724358974358974 0.07901615969581749 0.20064102564102565 0.021625475285171104
2 0.8286858974358975 0.0779467680608365 0.03878205128205128 0.015209125475285171
2 0.47467948717948716 0.11834600760456274 0.7807692307692308 0.0370722433460076
2 0.7525641025641026 0.15423003802281368 0.20833333333333334 0.03326996197718631
2 0.36025641025641025 0.1640922053231939 0.5480769230769231 0.04348859315589353
2 0.4814102564102564 0.2712690114068441 0.7884615384615384 0.17229087452471484
0 0.3753205128205128 0.4380941064638783 0.3121794871794872 0.11715779467680608
0 0.6065705128205128 0.43559885931558934 0.1342948717948718 0.1487642585551331
0 0.7488782051282051 0.4370247148288973 0.09967948717948719 0.15019011406844107
2 0.4721153846153846 0.5240019011406845 0.5205128205128206 0.019486692015209126
2 0.48044871794871796 0.6044439163498099 0.7769230769230769 0.12428707224334601
2 0.21666666666666667 0.689995247148289 0.18269230769230768 0.021625475285171104
2 0.48189102564102565 0.7259980988593155 0.7701923076923077 0.0408745247148289
2 0.4947115384615385 0.843393536121673 0.7387820512820513 0.19106463878326996
