2 0.47483974358974357 0.047647338403041826 0.29967948717948717 0.03588403041825095
2 0.475801282051282 0.10361216730038023 0.7900641025641025 0.06653992395437262
2 0.8277243589743589 0.04859790874524715 0.040705128205128206 0.014020912547528517
2 0.22451923076923078 0.14995247148288973 0.25224358974358974 0.026615969581749048
2 0.46923076923076923 0.2073431558935361 0.8012820512820513 0.08911596958174905
2 0.23830128205128204 0.2795865019011407 0.3317307692307692 0.032081749049429654
2 0.46987179487179487 0.3197480988593156 0.7833333333333333 0.04776615969581749
2 0.34775641025641024 0.3962690114068441 0.5608974358974359 0.10907794676806083
2 0.46490384615384617 0.4580560836501901 0.7791666666666667 0.027328897338403043
2 0.34807692307692306 0.48942490494296575 0.5532051282051282 0.042538022813688216
2 0.4028846153846154 0.535884030418251 0.6512820512820513 0.04752851711026616
2 0.7443910256410257 0.5068916349809885 0.2189102564102564 0.05275665399239544
2 0.7439102564102564 0.3893773764258555 0.22884615384615384 0.10670152091254753
2 0.3631410256410256 0.6629039923954373 0.5756410256410256 0.033507604562737645
2 0.4674679487179487 0.7915874524714829 0.7939102564102564 0.06844106463878327
3 0.45881410256410254 0.5861454372623575 0.1919871794871795 0.0401615969581749
3 0.459775641025641 0.6270199619771863 0.2657051282051282 0.03873574144486692
3 0.4599358974358974 0.6953422053231939 0.2564102564102564 0.03754752851711027
3 0.45368589743589743 0.7359790874524714 0.3157051282051282 0.045627376425855515
3 0.45368589743589743 0.843037072243346 0.12147435897435897 0.03873574144486692
2 0.8395833333333333 0.5822243346007605 0.05416666666666667 0.021863117870722433
2 0.8395833333333333 0.6240494296577946 0.05608974358974359 0.016634980988593156
2 0.8397435897435898 0.6954610266159695 0.051923076923076926 0.023051330798479087
2 0.8407051282051282 0.7388307984790875 0.04807692307692308 0.0185361216730038
2 0.8378205128205128 0.8461264258555133 0.047435897435897434 0.02115019011406844
