2 0.4466346153846154 0.054657794676806086 0.19391025641025642 0.024714828897338403
2 0.7921474358974359 0.0625 0.03878205128205128 0.014733840304182509
3 0.43317307692307694 0.09897813688212928 0.1605769230769231 0.039211026615969584
2 0.8020833333333334 0.10420627376425856 0.06506410256410257 0.016397338403041826
2 0.7964743589743589 0.16646863117870722 0.0641025641025641 0.022100760456273766
2 0.795352564102564 0.23098859315589354 0.06185897435897436 0.019486692015209126
3 0.4309294871794872 0.1593393536121673 0.4721153846153846 0.042538022813688216
3 0.43814102564102564 0.2267110266159696 0.33397435897435895 0.04134980988593156
2 0.2815705128205128 0.12369296577946769 0.46762820512820513 0.03493346007604563
2 0.43012820512820515 0.26259505703422054 0.7685897435897436 0.043726235741444866
2 0.4341346153846154 0.3291349809885932 0.778525641025641 0.08602661596958175
2 0.43157051282051284 0.41195342205323193 0.7746794871794872 0.08103612167300381
2 0.4323717948717949 0.4983365019011407 0.782051282051282 0.08887832699619772
2 0.428525641025641 0.5810361216730038 0.7807692307692308 0.06653992395437262
2 0.22435897435897437 0.7928944866920152 0.325 0.024477186311787073
2 0.42772435897435895 0.8616920152091254 0.7842948717948718 0.12167300380228137
