0 0.15582770270270271 0.19427281368821292 0.21452702702702703 0.17419201520912547
0 0.38344594594594594 0.1920152091254753 0.2195945945945946 0.17870722433460076
0 0.6125422297297297 0.19415399239543726 0.21410472972972974 0.18203422053231938
0 0.8355152027027027 0.19712452471482889 0.20819256756756757 0.17799429657794677
0 0.801731418918919 0.40981463878326996 0.2858952702702703 0.21364068441064638
0 0.6522381756756757 0.624287072243346 0.5975506756756757 0.17490494296577946
2 0.7069256756756758 0.5237642585551331 0.0785472972972973 0.012357414448669201
2 0.3866131756756757 0.7197005703422054 0.04856418918918919 0.009743346007604563
2 0.07685810810810811 0.2884980988593156 0.048986486486486486 0.009980988593155894
2 0.19362331081081083 0.3903279467680608 0.2951858108108108 0.17181558935361216
2 0.5063344594594595 0.4149239543726236 0.29054054054054057 0.22718631178707224
2 0.20544763513513514 0.6076520912547528 0.2833614864864865 0.23431558935361216
