2 0.5023226351351352 0.09291825095057034 0.3171452702702703 0.01806083650190114
2 0.08023648648648649 0.0882842205323194 0.06756756756756757 0.01164448669201521
2 0.8838682432432433 0.09279942965779468 0.04222972972972973 0.007842205323193916
0 0.6984797297297297 0.17502376425855512 0.32179054054054057 0.13902091254752852
2 0.7012246621621622 0.2561787072243346 0.18201013513513514 0.012357414448669201
2 0.7020692567567568 0.26841730038022815 0.30278716216216217 0.010693916349809885
2 0.2595016891891892 0.18726235741444866 0.42018581081081086 0.16587452471482889
2 0.26879222972972977 0.4923954372623574 0.16849662162162163 0.013307984790874524
2 0.2694256756756757 0.5055846007604563 0.3319256756756757 0.01164448669201521
0 0.2611908783783784 0.38034695817490494 0.36951013513513514 0.2060361216730038
2 0.7090371621621622 0.4384505703422053 0.4298986486486487 0.30893536121673004
2 0.1796875 0.5350522813688213 0.2369087837837838 0.016872623574144485
2 0.2673141891891892 0.6700332699619772 0.4298986486486487 0.2530893536121673
2 0.7206503378378378 0.7709125475285171 0.18369932432432434 0.016159695817490494
2 0.7174831081081081 0.7870722433460076 0.31672297297297297 0.014733840304182509
0 0.7219172297297297 0.683578897338403 0.3424831081081081 0.15042775665399238
