2 0.5125 0.0775903041825095 0.19423076923076923 0.023051330798479087
2 0.8456730769230769 0.07473859315589354 0.055448717948717946 0.015446768060836502
0 0.38621794871794873 0.20413498098859315 0.2923076923076923 0.21482889733840305
0 0.6778846153846154 0.20484790874524714 0.29102564102564105 0.21577946768060835
0 0.3875 0.41611216730038025 0.29294871794871796 0.21197718631178708
0 0.6774038461538462 0.41646863117870725 0.29775641025641025 0.21649239543726237
2 0.5275641025641026 0.5424192015209125 0.7865384615384615 0.041112167300380226
0 0.5092948717948718 0.685717680608365 0.3121794871794872 0.22124524714828897
2 0.50625 0.8077471482889734 0.3330128205128205 0.019961977186311788
2 0.2591346153846154 0.8545627376425855 0.21314102564102563 0.030418250950570342
2 0.528525641025641 0.8849809885931559 0.7384615384615385 0.02899239543726236
