2 0.4782051282051282 0.10099809885931559 0.1967948717948718 0.02376425855513308
2 0.8094551282051282 0.10147338403041825 0.05993589743589744 0.0185361216730038
2 0.23557692307692307 0.13307984790874525 0.24423076923076922 0.034220532319391636
2 0.49038461538461536 0.17906368821292776 0.7455128205128205 0.052519011406844104
2 0.27868589743589745 0.22267110266159695 0.2919871794871795 0.03326996197718631
2 0.4735576923076923 0.2757842205323194 0.7541666666666667 0.08673954372623574
2 0.2881410256410256 0.3362642585551331 0.3301282051282051 0.021863117870722433
2 0.48125 0.38486216730038025 0.7387820512820513 0.08673954372623574
0 0.359775641025641 0.49596007604562736 0.2701923076923077 0.15066539923954372
0 0.624198717948718 0.49809885931558934 0.26634615384615384 0.1535171102661597
0 0.3626602564102564 0.6451996197718631 0.26634615384615384 0.14211026615969582
0 0.6282051282051282 0.6466254752851711 0.2602564102564103 0.1520912547528517
0 0.3631410256410256 0.7934885931558935 0.2653846153846154 0.14638783269961977
0 0.6283653846153846 0.7933697718631179 0.2676282051282051 0.1528041825095057
2 0.4911858974358974 0.8896150190114068 0.7644230769230769 0.04063688212927757
