2 0.6154983108108109 0.1280893536121673 0.5747466216216216 0.09648288973384031
2 0.09142736486486487 0.05537072243346008 0.10430743243243244 0.009980988593155894
0 0.40160472972972977 0.2877851711026616 0.7466216216216217 0.18916349809885932
2 0.597972972972973 0.408388783269962 0.5101351351351352 0.04919201520912547
2 0.19489020270270271 0.5 0.2782939189189189 0.05988593155893536
2 0.19890202702702703 0.625712927756654 0.2820945945945946 0.15304182509505704
2 0.20798141891891894 0.7446530418250951 0.26984797297297297 0.06297528517110267
2 0.11570945945945947 0.7884980988593155 0.09121621621621623 0.009980988593155894
2 0.48711993243243246 0.5373098859315589 0.2782939189189189 0.1411596958174905
2 0.4942989864864865 0.6937975285171103 0.2833614864864865 0.14282319391634982
2 0.7763935810810811 0.560361216730038 0.26984797297297297 0.1905893536121673
2 0.7749155405405406 0.7220769961977186 0.2702702702702703 0.11525665399239543
