2 0.48830128205128204 0.056440114068441065 0.17083333333333334 0.018773764258555134
2 0.8224358974358974 0.05228136882129278 0.05064102564102564 0.013307984790874524
2 0.4128205128205128 0.0872148288973384 0.5326923076923077 0.01758555133079848
3 0.4766025641025641 0.12214828897338403 0.44487179487179485 0.04277566539923954
2 0.8341346153846154 0.11668250950570343 0.06314102564102564 0.013307984790874524
2 0.4905448717948718 0.17145912547528516 0.7560897435897436 0.055846007604562736
2 0.8370192307692308 0.20924429657794677 0.06314102564102564 0.014020912547528517
3 0.4806089743589744 0.21269011406844107 0.19326923076923078 0.01806083650190114
2 0.4897435897435897 0.2807747148288973 0.7634615384615384 0.11810836501901141
2 0.36185897435897435 0.3622861216730038 0.43653846153846154 0.016872623574144485
2 0.4967948717948718 0.4007842205323194 0.7628205128205128 0.05869771863117871
2 0.4987179487179487 0.48098859315589354 0.7794871794871795 0.09648288973384031
0 0.3732371794871795 0.6901140684410646 0.28942307692307695 0.3060836501901141
0 0.6556089743589744 0.6876188212927756 0.2830128205128205 0.30679657794676807
2 0.5014423076923077 0.8665636882129277 0.7817307692307692 0.036834600760456276
