2 0.47483974358974357 0.056915399239543724 0.16442307692307692 0.016872623574144485
2 0.8168269230769231 0.054538973384030416 0.04326923076923077 0.01449619771863118
2 0.4828525641025641 0.13462452471482889 0.7663461538461539 0.11145437262357415
2 0.48333333333333334 0.504277566539924 0.7602564102564102 0.03754752851711027
0 0.4807692307692308 0.27210076045627374 0.6512820512820513 0.16017110266159695
0 0.4858974358974359 0.4082699619771863 0.6551282051282051 0.1002851711026616
2 0.48125 0.5463403041825095 0.5182692307692308 0.01568441064638783
1 0.484775641025641 0.591611216730038 0.7644230769230769 0.061549429657794676
2 0.2621794871794872 0.6468631178707225 0.26282051282051283 0.01806083650190114
2 0.4894230769230769 0.776615969581749 0.7717948717948718 0.23811787072243346
