2 0.5143581081081081 0.07699619771863118 0.39780405405405406 0.016634980988593156
2 0.10430743243243244 0.06986692015209126 0.07094594594594594 0.011406844106463879
2 0.8817567567567568 0.08163022813688213 0.03631756756756757 0.007842205323193916
0 0.34142736486486486 0.13105988593155893 0.21663851351351351 0.08293726235741444
0 0.48395270270270274 0.13307984790874525 0.06503378378378379 0.0879277566539924
0 0.640625 0.1370009505703422 0.21283783783783786 0.08008555133079848
0 0.6435810810810811 0.2314638783269962 0.19763513513513514 0.09125475285171103
0 0.3631756756756757 0.2311074144486692 0.22888513513513514 0.11478136882129278
2 0.48754222972972977 0.31000475285171103 0.8264358108108109 0.03968631178707224
2 0.4873310810810811 0.35622623574144485 0.8302364864864865 0.05180608365019011
2 0.27660472972972977 0.48300855513307983 0.41554054054054057 0.1960551330798479
2 0.14653716216216217 0.5979087452471483 0.14611486486486489 0.0185361216730038
2 0.27744932432432434 0.6847671102661597 0.4113175675675676 0.14615019011406843
2 0.7086148648648649 0.5704610266159695 0.41976351351351354 0.37096007604562736
