2 0.5060897435897436 0.0597671102661597 0.22884615384615384 0.0278041825095057
2 0.8524038461538461 0.06190589353612167 0.04903846153846154 0.019724334600760455
2 0.49615384615384617 0.09885931558935361 0.7807692307692308 0.04895437262357415
3 0.48669871794871794 0.13165399239543726 0.10737179487179487 0.02376425855513308
2 0.865224358974359 0.1331986692015209 0.0516025641025641 0.015446768060836502
2 0.5060897435897436 0.1744296577946768 0.7967948717948717 0.07984790874524715
2 0.5022435897435897 0.27709125475285173 0.7852564102564102 0.12167300380228137
2 0.7681089743589744 0.2754277566539924 0.22147435897435896 0.055133079847908745
2 0.500801282051282 0.3899714828897338 0.780448717948718 0.10266159695817491
2 0.15833333333333333 0.49738593155893535 0.1141025641025641 0.028041825095057035
3 0.48862179487179486 0.466611216730038 0.21121794871794872 0.05299429657794677
3 0.5004807692307692 0.5221007604562737 0.19134615384615383 0.0370722433460076
2 0.3703525641025641 0.5560836501901141 0.5496794871794872 0.04325095057034221
2 0.7658653846153847 0.5686787072243346 0.2169871794871795 0.05038022813688213
2 0.2746794871794872 0.5920865019011406 0.2641025641025641 0.021625475285171104
3 0.4857371794871795 0.6241682509505704 0.3317307692307692 0.042538022813688216
2 0.47259615384615383 0.6542300380228137 0.7580128205128205 0.034220532319391636
3 0.4892628205128205 0.7003326996197718 0.22532051282051282 0.06511406844106464
2 0.4689102564102564 0.7408507604562737 0.7314102564102564 0.024477186311787073
2 0.4966346153846154 0.7939638783269962 0.7926282051282051 0.0803231939163498
2 0.3280448717948718 0.8499287072243346 0.3855769230769231 0.025903041825095056
2 0.5 0.8821292775665399 0.7730769230769231 0.04277566539923954
2 0.864423076923077 0.466611216730038 0.051923076923076926 0.016872623574144485
2 0.8586538461538461 0.526972433460076 0.05384615384615385 0.020199619771863117
2 0.8567307692307692 0.6220294676806084 0.05384615384615385 0.017347908745247147
2 0.8549679487179487 0.7011644486692015 0.05737179487179487 0.024477186311787073
